-2.556596882641315460e-05
-1.435563899576663971e-05
-3.540690522640943527e-05
-7.260631537064909935e-05
-5.627458449453115463e-05
2.800254151225090027e-05
8.698471356183290482e-05
2.661859616637229919e-05
-1.177674857899546623e-04
-2.141081495210528374e-04
-1.870747655630111694e-04
-8.544418960809707642e-05
3.550201654434204102e-06
4.775868728756904602e-05
5.798600614070892334e-05
3.970554098486900330e-05
2.461951225996017456e-06
-1.822784543037414551e-05
-1.774635165929794312e-06
1.185573637485504150e-05
-2.952152863144874573e-05
-1.021840143948793411e-04
-1.221941784024238586e-04
-5.741650238633155823e-05
2.966192550957202911e-05
6.965326610952615738e-05
6.297044456005096436e-05
3.864290192723274231e-05
-3.111548721790313721e-06
-4.917359910905361176e-05
-2.612639218568801880e-05
1.127825235016644001e-04
2.688890090212225914e-04
2.716602757573127747e-04
9.879365097731351852e-05
-6.936350837349891663e-05
-6.983225466683506966e-05
4.490386345423758030e-05
1.019904157146811485e-04
3.646360710263252258e-05
-7.317948620766401291e-05
-1.539601944386959076e-04
-1.997178187593817711e-04
-1.889577833935618401e-04
-7.674889639019966125e-05
8.541811257600784302e-05
1.396129373461008072e-04
1.644599251449108124e-05
-1.414483413100242615e-04
-1.475522294640541077e-04
-9.316019713878631592e-06
9.986918303184211254e-05
6.857019616290926933e-05
-5.349860293790698051e-05
-1.583998673595488071e-04
-1.763390609994530678e-04
-8.736114250496029854e-05
4.436180461198091507e-05
5.835609044879674911e-05
-1.304680481553077698e-04
-3.343652933835983276e-04
-2.694196300581097603e-04
-3.066367935389280319e-05
-1.698136911727488041e-04
-1.038425602018833160e-03
-2.138135954737663269e-03
-2.439846284687519073e-03
-1.457004225812852383e-03
1.810739049687981606e-04
1.340141869150102139e-03
1.436541206203401089e-03
7.969415746629238129e-04
1.505025429651141167e-04
-1.816125586628913879e-05
3.068003570660948753e-04
8.091040654107928276e-04
1.097810803912580013e-03
9.900298900902271271e-04
6.710442248731851578e-04
5.065407603979110718e-04
6.122172344475984573e-04
6.931736133992671967e-04
4.234951920807361603e-04
-8.908798918128013611e-05
-3.907366190105676651e-04
-2.334493910893797874e-04
1.440098276361823082e-04
3.614833112806081772e-04
3.471870440989732742e-04
2.776117762550711632e-04
1.989189768210053444e-04
-2.063286956399679184e-05
-3.480155137367546558e-04
-4.778029397130012512e-04
-2.355326432734727859e-04
9.563687490299344063e-05
8.686463115736842155e-05
-2.755090827122330666e-04
-5.792030133306980133e-04
-5.294256843626499176e-04
-2.711317501962184906e-04
-1.152614131569862366e-04
-1.603153068572282791e-04
-2.941461279988288879e-04
-3.848224878311157227e-04
-3.287598956376314163e-04
-7.705483585596084595e-05
2.156135742552578449e-04
2.336180768907070160e-04
-8.075917139649391174e-05
-2.984500024467706680e-04
-5.350215360522270203e-06
5.461343098431825638e-04
6.760614924132823944e-04
2.135449321940541267e-04
-2.191360690630972385e-04
-5.805375985801219940e-05
4.320768057368695736e-04
5.743280053138732910e-04
2.146681654267013073e-04
-1.755055855028331280e-04
-2.219395246356725693e-04
-3.976642619818449020e-05
1.216273522004485130e-04
2.240421017631888390e-04
2.903334097936749458e-04
2.330425195395946503e-04
4.282500594854354858e-05
-8.026673458516597748e-05
-1.317937858402729034e-06
1.110935118049383163e-04
3.183330409228801727e-05
-1.729102805256843567e-04
-2.642436884343624115e-04
-1.920545473694801331e-04
-1.078192144632339478e-04
-8.427305147051811218e-05
-5.952990613877773285e-05
-3.572925925254821777e-05
-1.020496711134910583e-04
-2.413338515907526016e-04
-3.156382590532302856e-04
-2.747524995356798172e-04
-1.997230574488639832e-04
-1.249228371307253838e-04
-1.931946462718769908e-05
3.649923019111156464e-05
-9.619584307074546814e-05
-3.144012298434972763e-04
-3.043769393116235733e-04
-1.799594610929489136e-05
1.594324130564928055e-04
-4.632538184523582458e-05
-3.313180059194564819e-04
-2.251439727842807770e-04
1.896643079817295074e-04
3.746761940419673920e-04
1.194104552268981934e-04
-1.887362450361251831e-04
-1.732390373945236206e-04
3.357836976647377014e-05
1.058941707015037537e-04
2.970173954963684082e-05
6.734859198331832886e-06
5.997833795845508575e-05
5.857506766915321350e-05
3.303017001599073410e-05
1.412755227647721767e-04
3.321820404380559921e-04
3.426477196626365185e-04
9.558815509080886841e-05
-1.498072524555027485e-04
-1.566362334415316582e-04
-1.713668461889028549e-05
3.407651092857122421e-05
-5.582196172326803207e-05
-1.856458839029073715e-04
-3.168155672028660774e-04
-4.567541182041168213e-04
-5.023933481425046921e-04
-3.346562152728438377e-04
-7.727211050223559141e-05
-3.407758777029812336e-05
-2.725697704590857029e-04
-4.512158338911831379e-04
-2.315320307388901711e-04
2.341747749596834183e-04
4.304416943341493607e-04
1.053169835358858109e-04
-4.045227542519569397e-04
-5.672306288033723831e-04
-2.661342732608318329e-04
1.138979569077491760e-04
1.748511567711830139e-04
-5.753757432103157043e-05
-2.285016234964132309e-04
-9.020802099257707596e-05
2.479497343301773071e-04
4.819729365408420563e-04
4.465472884476184845e-04
2.554547972977161407e-04
1.411174889653921127e-04
1.973174512386322021e-04
3.081678878515958786e-04
3.263838589191436768e-04
2.650553360581398010e-04
2.487003803253173828e-04
3.026928752660751343e-04
3.051543608307838440e-04
1.862123608589172363e-04
5.680695176124572754e-05
3.556162118911743164e-05
3.865454345941543579e-05
-9.734672494232654572e-05
-3.168224357068538666e-04
-3.618728369474411011e-04
-1.378804445266723633e-04
1.104595139622688293e-04
1.048087142407894135e-04
-1.043213997036218643e-04
-2.248577075079083443e-04
-1.082177259377203882e-04
1.013444270938634872e-04
1.890667481347918510e-04
1.131189055740833282e-04
-3.082677721977233887e-07
-2.179015427827835083e-05
5.399668589234352112e-05
1.129317097365856171e-04
5.784723907709121704e-05
-5.085533484816551208e-05
-6.223376840353012085e-05
1.866510137915611267e-05
-1.749582588672637939e-05
-2.605360932648181915e-04
-4.482306540012359619e-04
-2.916501834988594055e-04
4.624645225703716278e-05
1.119530061259865761e-04
-1.771290844772011042e-04
-3.905327175743877888e-04
-2.487606834620237350e-04
-6.284826667979359627e-05
-2.082886639982461929e-04
-4.607327282428741455e-04
-3.118684981018304825e-04
1.911991275846958160e-04
4.444210790097713470e-04
1.696269027888774872e-04
-2.064420841634273529e-04
-2.555805258452892303e-04
-1.676979009062051773e-04
-2.994432579725980759e-04
-4.603592678904533386e-04
-1.830710098147392273e-04
4.233997315168380737e-04
6.656257901340723038e-04
2.299249172210693359e-04
-3.243071259930729866e-04
-3.237003111280500889e-04
1.052428269758820534e-04
2.852294128388166428e-04
-8.497387170791625977e-06
-2.590364310890436172e-04
3.618421033024787903e-06
5.238992162048816681e-04
7.027871906757354736e-04
4.275096580386161804e-04
1.476225443184375763e-04
1.571248285472393036e-04
1.916713081300258636e-04
-8.028233423829078674e-05
-4.694326780736446381e-04
-5.157911218702793121e-04
-1.993826590478420258e-04
5.122739821672439575e-06
-1.688487827777862549e-04
-4.147272557020187378e-04
-3.789993934333324432e-04
-2.007398288697004318e-04
-2.017442602664232254e-04
-3.086626529693603516e-04
-2.251272671855986118e-04
-3.012549132108688354e-05
-7.989472942426800728e-05
-3.171286662109196186e-04
-2.564410096965730190e-04
1.702734734863042831e-04
3.490966046229004860e-04
-5.002692341804504395e-05
-3.811328206211328506e-04
7.542315870523452759e-05
8.713053539395332336e-04
8.653104887343943119e-04
-1.105741685023531318e-04
-9.056498529389500618e-04
-6.193693261593580246e-04
2.356059267185628414e-04
6.166794919408857822e-04
3.814713563770055771e-04
1.491052098572254181e-04
1.389735843986272812e-04
5.313195288181304932e-07
-2.867509610950946808e-04
-2.111559733748435974e-04
3.435793332755565643e-04
6.964383646845817566e-04
3.388123586773872375e-04
-2.357265911996364594e-04
-2.434724010527133942e-04
2.023447304964065552e-04
2.850284799933433533e-04
-2.606511116027832031e-04
-7.763085886836051941e-04
-6.879647262394428253e-04
-2.847539726644754410e-04
-1.641495618969202042e-04
-3.433462698012590408e-04
-3.873358655255287886e-04
-1.833220885600894690e-04
-6.849644705653190613e-05
-1.957947388291358948e-04
-2.383715473115444183e-04
9.058954310603439808e-05
5.449808668345212936e-04
6.544810603372752666e-04
3.693709732033312321e-04
9.891690569929778576e-05
1.198250101879239082e-04
2.203406183980405331e-04
6.262679380597546697e-05
-2.783922245725989342e-04
-3.674084437079727650e-04
9.234936442226171494e-06
5.198529688641428947e-04
6.654339376837015152e-04
3.650569706223905087e-04
-1.012074062600731850e-05
-1.510898000560700893e-04
-1.443290384486317635e-04
-2.156948321498930454e-04
-3.446991031523793936e-04
-3.328197926748543978e-04
-1.507167471572756767e-04
2.661667531356215477e-05
1.181893458124250174e-04
2.187626960221678019e-04
3.195090394001454115e-04
2.070270857075229287e-04
-1.868085382739081979e-04
-5.410573212429881096e-04
-5.022970726713538170e-04
-1.627233286853879690e-04
9.580110781826078892e-05
1.648032484808936715e-04
2.805515250656753778e-04
5.042926641181111336e-04
5.081521230749785900e-04
7.803865446476265788e-05
-4.634641227312386036e-04
-6.300593377090990543e-04
-3.848660562653094530e-04
-6.892980309203267097e-05
1.491232542321085930e-04
3.709855373017489910e-04
5.473131313920021057e-04
3.952816477976739407e-04
-1.099660585168749094e-04
-5.208786460570991039e-04
-4.576017963699996471e-04
-1.162631087936460972e-04
5.334519664756953716e-05
-9.720795787870883942e-06
-4.084373358637094498e-06
1.664120063651353121e-04
2.486683661118149757e-04
1.039796261466108263e-04
-4.929077113047242165e-05
-8.002331014722585678e-06
9.120989125221967697e-05
3.395898966118693352e-05
-1.015358720906078815e-04
-9.031197987496852875e-05
6.062421016395092010e-05
1.465739624109119177e-04
1.118283835239708424e-04
1.024137600325047970e-04
1.846981467679142952e-04
2.589111682027578354e-04
2.813156461343169212e-04
3.258248325437307358e-04
3.502062754705548286e-04
1.575812930241227150e-04
-2.478586975485086441e-04
-4.884527297690510750e-04
-2.484390279278159142e-04
2.395835472270846367e-04
4.244807641953229904e-04
1.312308013439178467e-04
-2.395511255599558353e-04
-2.577398554421961308e-04
3.513670526444911957e-05
2.924860455095767975e-04
3.231465816497802734e-04
1.918038469739258289e-04
-4.852816346101462841e-06
-2.186066703870892525e-04
-3.352842759341001511e-04
-2.120338613167405128e-04
1.017196336761116982e-04
3.371495404280722141e-04
2.929399197455495596e-04
5.691155092790722847e-05
-1.251754583790898323e-04
-1.156932557933032513e-04
3.582076897146180272e-05
1.749149523675441742e-04
1.278175041079521179e-04
-1.735603436827659607e-04
-5.299784243106842041e-04
-5.597304552793502808e-04
-1.427056267857551575e-04
2.854410558938980103e-04
1.328638754785060883e-04
-6.210021674633026123e-04
-1.328069251030683517e-03
-1.393810845911502838e-03
-8.886354044079780579e-04
-3.140051849186420441e-04
1.077959313988685608e-05
9.869749192148447037e-05
2.250995021313428879e-05
-1.575528876855969429e-04
-2.321271458640694618e-04
3.280653618276119232e-05
5.138141568750143051e-04
7.637831149622797966e-04
5.818067584186792374e-04
3.007482155226171017e-04
3.024137695319950581e-04
4.661774437408894300e-04
3.886222257278859615e-04
1.774169504642486572e-05
-2.723544603213667870e-04
-2.266758237965404987e-04
-7.134862244129180908e-06
1.301458105444908142e-04
1.666671596467494965e-04
1.802449114620685577e-04
1.169499009847640991e-04
-6.356625817716121674e-05
-1.713021192699670792e-04
8.055940270423889160e-06
3.310295287519693375e-04
3.830813802778720856e-04
5.441717803478240967e-06
-4.690270870923995972e-04
-6.224648095667362213e-04
-4.520630463957786560e-04
-3.074302803725004196e-04
-3.969718236476182938e-04
-5.414409097284078598e-04
-4.628222668543457985e-04
-1.759482547640800476e-04
4.065991379320621490e-05
1.925555989146232605e-05
-1.065218821167945862e-04
-1.293742097914218903e-04
-4.154862836003303528e-05
5.181296728551387787e-05
1.899654744192957878e-04
5.064295837655663490e-04
9.124511852860450745e-04
1.063728705048561096e-03
7.626439910382032394e-04
2.225926145911216736e-04
-2.103950828313827515e-04
-4.325984045863151550e-04
-4.939902573823928833e-04
-3.277943469583988190e-04
9.928405052050948143e-05
4.520923830568790436e-04
2.653729170560836792e-04
-3.866646438837051392e-04
-8.441042155027389526e-04
-6.949789822101593018e-04
-3.162138164043426514e-04
-2.731084823608398438e-04
-4.770122468471527100e-04
-4.011401906609535217e-04
1.942552626132965088e-05
2.644732594490051270e-04
7.158890366554260254e-05
-1.377165317535400391e-04
5.135871469974517822e-05
3.555957227945327759e-04
2.221316099166870117e-04
-2.875700592994689941e-04
-5.258843302726745605e-04
-1.440425403416156769e-04
4.632314667105674744e-04
6.914627738296985626e-04
3.930348902940750122e-04
-1.163668930530548096e-04
-4.559515509754419327e-04
-4.227592726238071918e-04
-6.091012619435787201e-05
3.048689104616641998e-04
2.725855447351932526e-04
-1.669982448220252991e-04
-4.842979833483695984e-04
-1.987284049391746521e-04
4.519447684288024902e-04
7.306598126888275146e-04
3.127139061689376831e-04
-3.316886723041534424e-04
-5.889432504773139954e-04
-4.350356757640838623e-04
-2.641603350639343262e-04
-2.201530151069164276e-04
-1.032440923154354095e-04
9.945267811417579651e-05
4.318077117204666138e-05
-4.123733378946781158e-04
-8.068694733083248138e-04
-6.112628616392612457e-04
-1.659523695707321167e-05
2.195714041590690613e-04
-2.278340980410575867e-04
-7.719574496150016785e-04
-6.571104750037193298e-04
6.064213812351226807e-05
5.962168797850608826e-04
4.235552623867988586e-04
-1.387819647789001465e-04
-3.998167812824249268e-04
-1.048739068210124969e-04
3.913999535143375397e-04
6.230575963854789734e-04
4.966505803167819977e-04
2.931822091341018677e-04
3.039082512259483337e-04
4.995031049475073814e-04
5.591890076175332069e-04
2.642237814143300056e-04
-1.694299280643463135e-04
-2.955123782157897949e-04
-1.241732388734817505e-05
2.656960859894752502e-04
1.648934558033943176e-04
-1.137051731348037720e-04
-9.973254054784774780e-05
2.057142555713653564e-04
2.810200676321983337e-04
-1.449491828680038452e-04
-6.428360939025878906e-04
-6.484547629952430725e-04
-2.198489382863044739e-04
9.933393448591232300e-05
3.974139690399169922e-05
-1.303190365433692932e-04
-9.897956624627113342e-05
7.004896178841590881e-05
1.345758792012929916e-04
5.094794323667883873e-05
-1.133320620283484459e-05
1.030397252179682255e-04
4.116684431210160255e-04
7.802530308254063129e-04
9.461281588301062584e-04
7.171507459133863449e-04
2.750677522271871567e-04
1.044818200170993805e-04
4.119034856557846069e-04
7.526527624577283859e-04
5.196138517931103706e-04
-2.367608831264078617e-04
-7.846598746255040169e-04
-5.840692901983857155e-04
7.525272667407989502e-05
4.586502909660339355e-04
2.152323722839355469e-04
-3.635887987911701202e-04
-7.701450958847999573e-04
-7.386724464595317841e-04
-3.497712314128875732e-04
7.098354399204254150e-05
1.317085698246955872e-04
-3.188392147421836853e-04
-9.405203163623809814e-04
-1.111804507672786713e-03
-5.635712295770645142e-04
2.537202090024948120e-04
5.987200420349836349e-04
2.380083315074443817e-04
-3.331517800688743591e-04
-5.159191787242889404e-04
-2.870671451091766357e-04
-9.142979979515075684e-05
-1.595271751284599304e-04
-2.164505422115325928e-04
3.611948341131210327e-05
4.019215703010559082e-04
4.256945103406906128e-04
5.386397242546081543e-05
-2.596564590930938721e-04
-1.743733882904052734e-04
8.715689182281494141e-05
8.171238005161285400e-05
-2.650115638971328735e-04
-6.303945556282997131e-04
-7.134163752198219299e-04
-4.378529265522956848e-04
1.364368945360183716e-04
7.731793448328971863e-04
9.735804051160812378e-04
3.568511456251144409e-04
-7.122186943888664246e-04
-1.243254053406417370e-03
-6.871676887385547161e-04
3.296220675110816956e-04
6.933244876563549042e-04
1.257574185729026794e-04
-5.515366792678833008e-04
-4.891138523817062378e-04
2.159755676984786987e-04
7.604695856571197510e-04
5.755368620157241821e-04
-1.769252121448516846e-04
-8.651632815599441528e-04
-9.257979691028594971e-04
-2.622231841087341309e-04
6.555663421750068665e-04
1.118281856179237366e-03
8.045518770813941956e-04
1.082858070731163025e-04
-2.807825803756713867e-04
-1.065596006810665131e-04
2.756023313850164413e-04
4.092480521649122238e-04
2.180049195885658264e-04
-5.844165571033954620e-05
-1.929230056703090668e-04
-1.146695576608181000e-04
1.068562269210815430e-04
2.601826563477516174e-04
1.012738794088363647e-04
-3.393692895770072937e-04
-6.451457738876342773e-04
-4.459405317902565002e-04
5.995295941829681396e-05
2.836287021636962891e-04
6.304122507572174072e-06
-3.222282975912094116e-04
-2.249716781079769135e-04
1.207040622830390930e-04
1.687647309154272079e-04
-1.652376668062061071e-04
-3.869610372930765152e-04
-1.911725848913192749e-04
8.606864139437675476e-05
4.092976450920104980e-05
-1.205485314130783081e-04
7.796846330165863037e-05
5.208933725953102112e-04
5.240673199295997620e-04
-1.579308882355690002e-04
-8.189361542463302612e-04
-6.326660513877868652e-04
2.777958288788795471e-04
9.964285418391227722e-04
9.209141135215759277e-04
3.178594633936882019e-04
-2.175634726881980896e-04
-4.415307193994522095e-04
-4.473356530070304871e-04
-3.202361986041069031e-04
-1.111878082156181335e-04
1.432467252016067505e-05
-8.790951687842607498e-05
-2.886875008698552847e-04
-3.095318970736116171e-04
-1.079122303053736687e-04
6.414711242541670799e-05
1.581013202667236328e-05
-1.613674685359001160e-04
-2.895093057304620743e-04
-3.340081311762332916e-04
-3.221989609301090240e-04
-1.946920529007911682e-04
7.978547364473342896e-05
3.191413125023245811e-04
2.538219559937715530e-04
-1.437627070117741823e-04
-5.871022003702819347e-04
-7.645130390301346779e-04
-6.058000726625323296e-04
-2.503457944840192795e-04
1.205028966069221497e-04
3.519337624311447144e-04
3.340356051921844482e-04
9.051617234945297241e-05
-1.780232414603233337e-04
-2.599945291876792908e-04
-1.612566411495208740e-04
-7.728487253189086914e-05
-1.096883788704872131e-04
-1.110765151679515839e-04
1.058992929756641388e-04
4.714410752058029175e-04
6.913803517818450928e-04
5.791075527667999268e-04
2.508498728275299072e-04
-4.347227513790130615e-05
-1.860558986663818359e-04
-2.132845111191272736e-04
-1.532891765236854553e-04
2.291798591613769531e-05
2.788566052913665771e-04
4.525016993284225464e-04
3.892257809638977051e-04
1.028925180435180664e-04
-2.335719764232635498e-04
-4.379991441965103149e-04
-4.405863583087921143e-04
-2.892296761274337769e-04
-7.576402276754379272e-05
1.319888979196548462e-04
2.873027697205543518e-04
3.158776089549064636e-04
1.416290178894996643e-04
-1.798663288354873657e-04
-4.175473004579544067e-04
-3.840032150037586689e-04
-1.920007634907960892e-04
-1.356927677989006042e-04
-2.660937607288360596e-04
-2.648830413818359375e-04
1.133522018790245056e-04
6.123390048742294312e-04
7.112640887498855591e-04
2.530533820390701294e-04
-3.767106682062149048e-04
-7.099937647581100464e-04
-6.287442520260810852e-04
-2.954984083771705627e-04
1.078499481081962585e-04
4.220139235258102417e-04
4.745237529277801514e-04
2.260394394397735596e-04
-1.112753525376319885e-04
-2.858543593902140856e-04
-3.126306692138314247e-04
-4.130178131163120270e-04
-6.676133489236235619e-04
-8.881927933543920517e-04
-8.542998693883419037e-04
-5.466430447995662689e-04
-1.264680176973342896e-04
1.945020630955696106e-04
2.529025077819824219e-04
5.276314914226531982e-05
-1.658257097005844116e-04
-1.170365139842033386e-04
2.008518204092979431e-04
4.925783723592758179e-04
5.576182156801223755e-04
5.467906594276428223e-04
6.979629397392272949e-04
9.440681897103786469e-04
9.763315320014953613e-04
6.508912192657589912e-04
1.567348372191190720e-04
-2.105440944433212280e-04
-2.823844552040100098e-04
-3.242213279008865356e-05
4.381667822599411011e-04
8.481787517666816711e-04
8.408501744270324707e-04
3.114491701126098633e-04
-4.113912582397460938e-04
-8.336007595062255859e-04
-7.499158382415771484e-04
-3.729527816176414490e-04
-4.250742495059967041e-05
9.522493928670883179e-05
1.031486317515373230e-04
5.349703133106231689e-05
-7.290579378604888916e-05
-2.744663506746292114e-04
-4.144236445426940918e-04
-3.325962461531162262e-04
-7.549091242253780365e-05
9.858782868832349777e-05
1.676194369792938232e-05
-1.850671833381056786e-04
-2.333420561626553535e-04
-4.978646757081151009e-05
2.064013388007879257e-04
3.735967911779880524e-04
3.997934982180595398e-04
2.472717314958572388e-04
-8.993409574031829834e-05
-4.147910512983798981e-04
-4.034973680973052979e-04
-4.758359864354133606e-06
4.090470029041171074e-04
4.703039012383669615e-04
2.564714523032307625e-04
9.909505024552345276e-05
8.532835636287927628e-05
2.432288601994514465e-05
-1.526186242699623108e-04
-2.730828709900379181e-04
-2.377908676862716675e-04
-1.604724675416946411e-04
-1.041889190673828125e-04
4.034116864204406738e-05
2.629347145557403564e-04
2.865986898541450500e-04
-5.526095628738403320e-05
-4.883278161287307739e-04
-6.104856729507446289e-04
-4.077870398759841919e-04
-1.882314682006835938e-04
-9.874161332845687866e-05
-2.059526741504669189e-05
8.162716403603553772e-05
4.683947190642356873e-05
-1.625171862542629242e-04
-3.178227925673127174e-04
-2.529999474063515663e-04
-1.124631380662322044e-04
-9.479117579758167267e-05
-1.293171662837266922e-04
-1.744760083965957165e-05
2.192208194173872471e-04
3.482636529952287674e-04
2.394676557742059231e-04
-5.258043529465794563e-06
-2.091466449201107025e-04
-2.605826884973794222e-04
-1.270744542125612497e-04
1.115186751121655107e-04
2.503812429495155811e-04
1.392777339788153768e-04
-9.970131213776767254e-05
-1.748099748510867357e-04
1.069830614142119884e-05
2.196988352807238698e-04
1.692718797130510211e-04
-1.387397933285683393e-04
-4.402597551234066486e-04
-4.901693901047110558e-04
-2.657764998730272055e-04
4.596305370796471834e-05
2.092756185447797179e-04
1.365916396025568247e-04
-3.102962364209815860e-05
-7.792173710186034441e-05
3.613131411839276552e-05
1.404299837304279208e-04
8.066448208410292864e-05
-1.035384921124204993e-04
-2.584121830295771360e-04
-2.782218507491052151e-04
-1.436918537365272641e-04
9.074487024918198586e-05
2.710691187530755997e-04
2.166412596125155687e-04
-6.263153045438230038e-05
-3.024826874025166035e-04
-2.680810575839132071e-04
-4.125154373468831182e-05
1.107669013435952365e-04
9.400883573107421398e-05
4.623857967089861631e-05
6.880443834234029055e-05
1.022870128508657217e-04
9.799870895221829414e-05
1.150120951933786273e-04
1.637786626815795898e-04
1.258787960978224874e-04
-5.093374056741595268e-05
-2.146166516467928886e-04
-2.019431849475950003e-04
-6.239993672352284193e-05
4.847092714044265449e-05
9.481904999120160937e-05
1.120128144975751638e-04
2.581103763077408075e-05
-2.493307110853493214e-04
-5.436114734038710594e-04
-5.062222480773925781e-04
-3.678278881125152111e-05
5.234431009739637375e-04
7.388327503576874733e-04
5.060260882601141930e-04
5.486380541697144508e-05
-3.392577054910361767e-04
-5.132354563102126122e-04
-3.977952001150697470e-04
-3.514852141961455345e-05
3.810732159763574600e-04
6.137432064861059189e-04
5.653412081301212311e-04
3.032863896805793047e-04
-5.714516737498342991e-05
-3.965826181229203939e-04
-5.572380032390356064e-04
-4.254522791597992182e-04
-9.852985385805368423e-05
1.486785622546449304e-04
1.410622207913547754e-04
-2.434742054902017117e-05
-1.387978263664990664e-04
-1.306134654441848397e-04
-7.301346340682357550e-05
-1.950331898115109652e-05
4.545223055174574256e-05
1.085229741875082254e-04
9.320065146312117577e-05
-4.489794082473963499e-05
-2.462166012264788151e-04
-3.849651548080146313e-04
-3.418581618461757898e-04
-7.015888695605099201e-05
3.210348077118396759e-04
5.557962576858699322e-04
3.919115988537669182e-04
-9.539327584207057953e-05
-5.117650143802165985e-04
-5.175846163183450699e-04
-1.682983711361885071e-04
1.844952348619699478e-04
2.807423006743192673e-04
1.486204564571380615e-04
-4.186271689832210541e-05
-1.765985507518053055e-04
-2.141494769603013992e-04
-1.310775987803936005e-04
4.975905176252126694e-05
2.250749384984374046e-04
2.886235597543418407e-04
2.302975626662373543e-04
1.132313045673072338e-04
-1.434559817425906658e-05
-1.259663113160058856e-04
-1.710093347355723381e-04
-1.114964543376117945e-04
-9.927494829753413796e-06
2.856955688912421465e-06
-1.142113469541072845e-04
-2.397720090812072158e-04
-2.195171546190977097e-04
-4.033507866552099586e-05
1.566451683174818754e-04
2.146290498785674572e-04
8.920428808778524399e-05
-1.327350037172436714e-04
-3.043796168640255928e-04
-3.205854445695877075e-04
-1.825103536248207092e-04
2.491916529834270477e-05
2.118143311236053705e-04
3.259194782003760338e-04
3.385295858606696129e-04
2.486982848495244980e-04
1.184144057333469391e-04
4.123151302337646484e-05
3.477954305708408356e-05
2.052052877843379974e-05
-3.516644937917590141e-05
-2.471869811415672302e-05
1.573935587657615542e-04
4.090704605914652348e-04
4.835479194298386574e-04
2.805804251693189144e-04
-2.609938383102416992e-05
-1.890383427962660789e-04
-1.259410055354237556e-04
7.611926412209868431e-05
2.777473418973386288e-04
3.251364687457680702e-04
8.946543675847351551e-05
-3.667447017505764961e-04
-7.010421250015497208e-04
-5.544384475797414780e-04
3.107811789959669113e-05
5.722352070733904839e-04
6.081730825826525688e-04
1.536881318315863609e-04
-3.622384683694690466e-04
-5.488725146278738976e-04
-3.721306566148996353e-04
-6.650062277913093567e-05
1.605921424925327301e-04
2.890122123062610626e-04
3.865282051265239716e-04
4.168818704783916473e-04
2.261134795844554901e-04
-2.236880827695131302e-04
-6.557181477546691895e-04
-6.574052385985851288e-04
-1.353323459625244141e-04
4.982240498065948486e-04
7.127458229660987854e-04
4.061614163219928741e-04
-3.893533721566200256e-05
-2.227150835096836090e-04
-1.160546671599149704e-04
4.319101572036743164e-05
8.789403364062309265e-05
3.884383477270603180e-05
-2.914923243224620819e-05
-8.361134678125381470e-05
-9.071337990462779999e-05
2.757878974080085754e-06
1.801562029868364334e-04
3.034250112250447273e-04
2.185637131333351135e-04
-7.974193431437015533e-05
-4.035409074276685715e-04
-5.012676119804382324e-04
-2.661214675754308701e-04
1.402862835675477982e-04
3.866142360493540764e-04
2.657346776686608791e-04
-8.001329842954874039e-05
-2.813101746141910553e-04
-1.348742516711354256e-04
1.671714708209037781e-04
2.580477157607674599e-04
1.519604120403528214e-05
-3.200154751539230347e-04
-4.385821521282196045e-04
-2.895602956414222717e-04
-6.814254447817802429e-05
4.481337964534759521e-05
4.277052357792854309e-05
1.666927710175514221e-05
1.434795558452606201e-05
1.354934647679328918e-05
-1.665018498897552490e-05
-7.443735376000404358e-05
-1.292147208005189896e-04
-1.391912810504436493e-04
-8.033262565732002258e-05
1.699500717222690582e-05
7.516646292060613632e-05
4.428718239068984985e-05
-3.528967499732971191e-05
-7.516471669077873230e-05
-4.588649608194828033e-05
-1.593027263879776001e-05
-7.456663297489285469e-05
-2.287543611600995064e-04
-3.775777295231819153e-04
-3.809741465374827385e-04
-1.760083250701427460e-04
1.361517352052032948e-04
3.280852397438138723e-04
2.307841787114739418e-04
-9.095622226595878601e-05
-3.841287689283490181e-04
-4.523205570876598358e-04
-3.170022973790764809e-04
-1.173691125586628914e-04
7.208483293652534485e-05
2.425452694296836853e-04
3.254001494497060776e-04
2.085773739963769913e-04
-8.198898285627365112e-05
-3.246171399950981140e-04
-3.140587359666824341e-04
-8.795902249403297901e-05
1.303287572227418423e-04
1.856652670539915562e-04
1.143640256486833096e-04
2.995633985847234726e-05
-2.327590482309460640e-05
-6.742577534168958664e-05
-9.843485895544290543e-05
-5.699996836483478546e-05
9.818118996918201447e-05
2.980082063004374504e-04
3.597202012315392494e-04
1.269437489099800587e-04
-3.292110632173717022e-04
-6.705815903842449188e-04
-5.559232085943222046e-04
-8.946866728365421295e-06
5.256660515442490578e-04
5.774925230070948601e-04
1.148016890510916710e-04
-4.247347824275493622e-04
-5.720247281715273857e-04
-2.608969807624816895e-04
1.746170455589890480e-04
3.767783055081963539e-04
2.839571097865700722e-04
9.391782805323600769e-05
-1.024291850626468658e-05
-2.812966704368591309e-05
-4.972261376678943634e-05
-8.699623867869377136e-05
-7.352326065301895142e-05
-1.200009137392044067e-06
4.428462125360965729e-05
1.970154698938131332e-05
1.537578646093606949e-05
1.341768074780702591e-04
3.217651974409818649e-04
4.085503751412034035e-04
3.175953170284628868e-04
1.462086802348494530e-04
1.965352566912770271e-05
-5.615223199129104614e-05
-1.433070283383131027e-04
-2.305687521584331989e-04
-2.213103580288589001e-04
-5.823408719152212143e-05
1.891967840492725372e-04
3.697597421705722809e-04
3.616916947066783905e-04
1.531802117824554443e-04
-1.495925243943929672e-04
-3.893412649631500244e-04
-4.592807963490486145e-04
-3.569473046809434891e-04
-1.524724066257476807e-04
6.652233423665165901e-05
2.148230560123920441e-04
2.337652258574962616e-04
1.501778606325387955e-04
7.812841795384883881e-05
9.505893103778362274e-05
1.355572603642940521e-04
8.708413224667310715e-05
-1.928251003846526146e-05
-2.522883005440235138e-05
1.116516650654375553e-04
2.076616801787167788e-04
8.282513590529561043e-05
-1.766367931850254536e-04
-3.127765376120805740e-04
-2.204320626333355904e-04
-4.136783536523580551e-05
6.800529081374406815e-05
1.085909316316246986e-04
1.151096075773239136e-04
1.014582812786102295e-05
-2.678944729268550873e-04
-5.598416319116950035e-04
-5.862249527126550674e-04
-2.815255429595708847e-04
9.738001972436904907e-05
2.528135664761066437e-04
1.474944874644279480e-04
-3.126077353954315186e-05
-1.178937964141368866e-04
-8.896016515791416168e-05
-3.096647560596466064e-06
5.764607340097427368e-05
1.856824383139610291e-06
-1.946208067238330841e-04
-3.971897531300783157e-04
-3.984691575169563293e-04
-1.536522759124636650e-04
1.384053030051290989e-04
2.468642778694629669e-04
1.429566182196140289e-04
-3.500166349112987518e-05
-1.780532766133546829e-04
-2.683149650692939758e-04
-2.913794014602899551e-04
-2.218908630311489105e-04
-1.124292612075805664e-04
-8.129468187689781189e-05
-1.630489714443683624e-04
-2.564187161624431610e-04
-2.690209075808525085e-04
-2.298355102539062500e-04
-2.001663669943809509e-04
-1.689135096967220306e-04
-1.329341903328895569e-04
-1.953095197677612305e-04
-4.328978247940540314e-04
-6.916320417076349258e-04
-6.752167828381061554e-04
-2.830767771229147911e-04
2.489918842911720276e-04
5.864953855052590370e-04
5.771138821728527546e-04
2.696317387744784355e-04
-1.955042243935167789e-04
-6.068194052204489708e-04
-7.156942738220095634e-04
-4.294355167075991631e-04
4.304747562855482101e-05
3.672332968562841415e-04
4.068334819748997688e-04
2.746202517300844193e-04
9.444227907806634903e-05
-1.228184119099751115e-04
-3.328899620100855827e-04
-3.648769052233546972e-04
-1.105120754800736904e-04
2.729539410211145878e-04
4.809509264305233955e-04
3.680840600281953812e-04
5.884724669158458710e-05
-2.154496032744646072e-04
-3.029759973287582397e-04
-1.815266441553831100e-04
6.247824057936668396e-05
2.735294401645660400e-04
3.225533291697502136e-04
2.141171135008335114e-04
7.603759877383708954e-05
3.083387855440378189e-05
9.907782077789306641e-05
2.123299054801464081e-04
2.724933438003063202e-04
2.160263247787952423e-04
9.054900147020816803e-05
5.738809704780578613e-05
2.194161061197519302e-04
4.322351887822151184e-04
4.138918593525886536e-04
1.156441867351531982e-04
-1.379027962684631348e-04
-2.260785549879074097e-05
3.330130130052566528e-04
4.483144730329513550e-04
6.922334432601928711e-05
-5.077933892607688904e-04
-7.742175366729497910e-04
-5.618766881525516510e-04
-1.404797658324241638e-04
1.666899770498275757e-04
3.019813448190689087e-04
3.811209462583065033e-04
4.255359526723623276e-04
3.222456434741616249e-04
3.543504135450348258e-05
-2.626038622111082077e-04
-3.526279469951987267e-04
-2.243518829345703125e-04
-7.878988981246948242e-05
-5.154963582754135132e-05
-2.270424738526344299e-05
2.052937634289264679e-04
5.781799554824829102e-04
7.701977156102657318e-04
5.460372194647789001e-04
5.475291982293128967e-05
-3.206944093108177185e-04
-3.608190454542636871e-04
-1.745969057083129883e-04
-4.592351615428924561e-06
2.226070500910282135e-05
-5.717121530324220657e-05
-1.273114758078008890e-04
-6.425910396501421928e-05
1.990383025258779526e-04
5.824657273478806019e-04
8.534595835953950882e-04
7.913531735539436340e-04
3.800273407250642776e-04
-1.814882270991802216e-04
-6.395042873919010162e-04
-8.251410908997058868e-04
-6.838482804596424103e-04
-2.739219926297664642e-04
2.262166235595941544e-04
5.795171018689870834e-04
6.362488493323326111e-04
4.271501675248146057e-04
9.971484541893005371e-05
-2.130938228219747543e-04
-4.422878846526145935e-04
-5.502904532477259636e-04
-5.218854057602584362e-04
-3.952673869207501411e-04
-2.479453105479478836e-04
-1.240461133420467377e-04
-9.272480383515357971e-06
9.410711936652660370e-05
1.050443388521671295e-04
-6.421562284231185913e-05
-3.758342936635017395e-04
-6.675128825008869171e-04
-8.171540684998035431e-04
-8.591362275183200836e-04
-8.822302334010601044e-04
-8.490090258419513702e-04
-6.197323091328144073e-04
-1.895152963697910309e-04
1.896019093692302704e-04
2.210428938269615173e-04
-1.239096745848655701e-04
-5.883579142391681671e-04
-9.118283633142709732e-04
-1.027888385578989983e-03
-9.675256442278623581e-04
-7.128989673219621181e-04
-2.736437600106000900e-04
1.649545156396925449e-04
3.418003325350582600e-04
1.998016959987580776e-04
-5.524605512619018555e-05
-2.287806710228323936e-04
-3.586132079362869263e-04
-5.662890616804361343e-04
-7.764762267470359802e-04
-7.442911155521869659e-04
-3.719493397511541843e-04
1.322211319347843528e-04
4.700511926785111427e-04
5.409200675785541534e-04
4.446595557965338230e-04
2.812921884469687939e-04
7.349462248384952545e-05
-1.269574277102947235e-04
-1.930657308548688889e-04
-5.785422399640083313e-05
1.690923236310482025e-04
3.036307170987129211e-04
2.905619330704212189e-04
2.441685646772384644e-04
2.904487773776054382e-04
4.285890609025955200e-04
5.611209198832511902e-04
6.078220903873443604e-04
5.602138116955757141e-04
4.612393677234649658e-04
3.659175708889961243e-04
3.010267391800880432e-04
2.418023068457841873e-04
1.570878084748983383e-04
9.641470387578010559e-05
1.786159409675747156e-04
4.359542799647897482e-04
7.059770869091153145e-04
7.602421101182699203e-04
5.460930988192558289e-04
2.452635962981730700e-04
9.345859871245920658e-05
1.901032665045931935e-04
4.576653591357171535e-04
6.975855212658643723e-04
6.996992742642760277e-04
4.269299679435789585e-04
1.270803622901439667e-04
1.281047152588143945e-04
4.494588938541710377e-04
7.467126124538481236e-04
7.444868097081780434e-04
5.823571700602769852e-04
5.635880515910685062e-04
6.839670822955667973e-04
6.616690079681575298e-04
4.018117906525731087e-04
1.574513153173029423e-04
1.666111347731202841e-04
3.664130636025220156e-04
5.731846904382109642e-04
7.270416826941072941e-04
8.037922671064734459e-04
6.819412810727953911e-04
3.203307569492608309e-04
-4.611107578966766596e-05
-1.121236564358696342e-04
1.424298388883471489e-04
4.720356082543730736e-04
6.771992193534970284e-04
7.211946649476885796e-04
6.083053303882479668e-04
3.650249855127185583e-04
1.210816262755542994e-04
5.654350388795137405e-06
-2.739333285717293620e-05
-8.508023165632039309e-05
-9.577296441420912743e-05
7.046412792988121510e-05
2.787813427858054638e-04
2.437380608171224594e-04
-2.702407073229551315e-06
-1.082718372344970703e-04
3.036072303075343370e-05
6.588935502804815769e-05
-2.395830088062211871e-04
-6.140673649497330189e-04
-7.124705589376389980e-04
-6.194623420014977455e-04
-5.615899572148919106e-04
-4.254236118867993355e-04
-2.759500057436525822e-05
3.528004745021462440e-04
2.522458962630480528e-04
-2.571679069660604000e-04
-6.616237224079668522e-04
-7.947239791974425316e-04
-9.721249225549399853e-04
-1.288846135139465332e-03
-1.393369631841778755e-03
-1.158235128968954086e-03
-1.000585034489631653e-03
-1.229055691510438919e-03
-1.580950571224093437e-03
-1.769039430655539036e-03
-2.001140499487519264e-03
-2.508015371859073639e-03
-2.992901718243956566e-03
-3.082646057009696960e-03
-2.968416549265384674e-03
-3.027814673259854317e-03
-3.124884329736232758e-03
-2.913229167461395264e-03
-2.561688888818025589e-03
-2.472981344908475876e-03
-2.493540756404399872e-03
-2.189667429774999619e-03
-1.759753562510013580e-03
-1.772771356627345085e-03
-2.042642328888177872e-03
-1.778763020411133766e-03
-9.615978342480957508e-04
-4.426081432029604912e-04
-3.966985968872904778e-04
4.821825132239609957e-05
1.081893336959183216e-03
1.533795730210840702e-03
9.203776135109364986e-04
7.120828377082943916e-04
1.958061708137392998e-03
2.955654170364141464e-03
1.727028517052531242e-03
2.388053690083324909e-04
3.069407539442181587e-03
1.105278637260198593e-02
1.896154135465621948e-02
2.133239246904850006e-02
1.869741640985012054e-02
1.585796102881431580e-02
1.539291255176067352e-02
1.564672216773033142e-02
1.466228067874908447e-02
1.303170993924140930e-02
1.195600442588329315e-02
1.086414698511362076e-02
8.634174242615699768e-03
5.821908358484506607e-03
3.980847075581550598e-03
3.433960489928722382e-03
3.177613951265811920e-03
2.644000109285116196e-03
2.208343474194407463e-03
2.012234879657626152e-03
1.528970547951757908e-03
5.533979274332523346e-04
-3.517048899084329605e-04
-7.732847589068114758e-04
-1.040174858644604683e-03
-1.449998468160629272e-03
-1.503955107182264328e-03
-4.310839576646685600e-04
1.880843425169587135e-03
4.860567860305309296e-03
7.782808504998683929e-03
9.877415373921394348e-03
1.026348583400249481e-02
8.495105430483818054e-03
5.350894294679164886e-03
2.724239835515618324e-03
2.411603461951017380e-03
4.828166216611862183e-03
8.685149252414703369e-03
1.183540560305118561e-02
1.272009126842021942e-02
1.135358214378356934e-02
8.964559994637966156e-03
6.654294207692146301e-03
4.599633626639842987e-03
2.656033728271722794e-03
1.305241254158318043e-03
1.441247295588254929e-03
3.228113288059830666e-03
5.614830181002616882e-03
7.129845209419727325e-03
6.938941311091184616e-03
5.188053008168935776e-03
2.795579610392451286e-03
1.108462340198457241e-03
1.281569595448672771e-03
3.430052660405635834e-03
6.377543788403272629e-03
8.540175855159759521e-03
9.159333072602748871e-03
8.635103702545166016e-03
7.791893556714057922e-03
6.933808326721191406e-03
5.370952654629945755e-03
1.576751703396439552e-03
-5.899508483707904816e-03
-1.692427508533000946e-02
-2.881049178540706635e-02
-3.727680444717407227e-02
-3.911522403359413147e-02
-3.443850204348564148e-02
-2.662638202309608459e-02
-2.024920284748077393e-02
-1.871383190155029297e-02
-2.290313504636287689e-02
-3.103511035442352295e-02
-3.962628170847892761e-02
-4.524146020412445068e-02
-4.606870561838150024e-02
-4.225752502679824829e-02
-3.513647243380546570e-02
-2.649747207760810852e-02
-1.848537102341651917e-02
-1.326051540672779083e-02
-1.181581150740385056e-02
-1.297198422253131866e-02
-1.400506217032670975e-02
-1.259706914424896240e-02
-8.239072747528553009e-03
-2.009132876992225647e-03
4.512638784945011139e-03
1.006686128675937653e-02
1.413695141673088074e-02
1.716313883662223816e-02
2.019196748733520508e-02
2.383183687925338745e-02
2.751031890511512756e-02
3.004028648138046265e-02
3.083604946732521057e-02
3.015994466841220856e-02
2.818806469440460205e-02
2.447543665766716003e-02
1.883655413985252380e-02
1.252121478319168091e-02
7.960665971040725708e-03
7.050689775496721268e-03
9.553830139338970184e-03
1.296106353402137756e-02
1.388603635132312775e-02
1.014535501599311829e-02
2.255615778267383575e-03
-6.832499988377094269e-03
-1.378935668617486954e-02
-1.708620786666870117e-02
-1.740127429366111755e-02
-1.625850237905979156e-02
-1.470178365707397461e-02
-1.324366126209497452e-02
-1.242955029010772705e-02
-1.281298790127038956e-02
-1.433336548507213593e-02
-1.600364595651626587e-02
-1.636813208460807800e-02
-1.439185440540313721e-02
-1.021203212440013885e-02
-5.220361985266208649e-03
-1.141019514761865139e-03
1.404203823767602444e-03
3.460776060819625854e-03
6.630905903875827789e-03
1.137041486799716949e-02
1.655764132738113403e-02
2.064285427331924438e-02
2.288564294576644897e-02
2.351573668420314789e-02
2.323408424854278564e-02
2.287137880921363831e-02
2.316058427095413208e-02
2.433882094919681549e-02
2.595749497413635254e-02
2.726702392101287842e-02
2.764479815959930420e-02
2.647364884614944458e-02
2.301016449928283691e-02
1.707591116428375244e-02
9.973423555493354797e-03
4.102105740457773209e-03
1.177835976704955101e-03
9.041893645189702511e-04
1.518660224974155426e-03
1.413492485880851746e-03
8.926505688577890396e-05
-2.052473602816462517e-03
-4.297326784580945969e-03
-6.006292067468166351e-03
-6.854567676782608032e-03
-6.900302600115537643e-03
-6.319374777376651764e-03
-5.095644854009151459e-03
-3.177733626216650009e-03
-9.136084117926657200e-04
1.006448292173445225e-03
2.223025541752576828e-03
3.136129118502140045e-03
4.463253542780876160e-03
6.446630693972110748e-03
8.625818416476249695e-03
1.032438408583402634e-02
1.127460412681102753e-02
1.188975386321544647e-02
1.307552494108676910e-02
1.565188914537429810e-02
1.964209601283073425e-02
2.390809729695320129e-02
2.643683180212974548e-02
2.507350221276283264e-02
1.833483576774597168e-02
6.199081428349018097e-03
-9.273221716284751892e-03
-2.409551665186882019e-02
-3.381581231951713562e-02
-3.576299920678138733e-02
-3.063873946666717529e-02
-2.233956009149551392e-02
-1.608263887465000153e-02
-1.585278287529945374e-02
-2.249218896031379700e-02
-3.350573033094406128e-02
-4.470733925700187683e-02
-5.249468609690666199e-02
-5.511538684368133545e-02
-5.249983817338943481e-02
-4.568488150835037231e-02
-3.667172789573669434e-02
-2.822753414511680603e-02
-2.284204959869384766e-02
-2.130406349897384644e-02
-2.223387174308300018e-02
-2.306652814149856567e-02
-2.162416465580463409e-02
-1.718847639858722687e-02
-1.065295282751321793e-02
-3.804969601333141327e-03
1.943445531651377678e-03
6.548638455569744110e-03
1.111255213618278503e-02
1.655631139874458313e-02
2.254987135529518127e-02
2.778241969645023346e-02
3.108990006148815155e-02
3.215752914547920227e-02
3.137217462062835693e-02
2.945397049188613892e-02
2.733600325882434845e-02
2.599995583295822144e-02
2.594300359487533569e-02
2.660889923572540283e-02
2.642520703375339508e-02
2.365688979625701904e-02
1.762082427740097046e-02
9.420964866876602173e-03
1.509469002485275269e-03
-3.833224996924400330e-03
-6.010696291923522949e-03
-6.362434476613998413e-03
-6.995351985096931458e-03
-9.290535002946853638e-03
-1.324306428432464600e-02
-1.781134866178035736e-02
-2.170029282569885254e-02
-2.402626164257526398e-02
-2.459189109504222870e-02
-2.370492368936538696e-02
-2.179846912622451782e-02
-1.932345330715179443e-02
-1.694334298372268677e-02
-1.540666446089744568e-02
-1.478861831128597260e-02
-1.395040564239025116e-02
-1.127272844314575195e-02
-6.222294643521308899e-03
-1.095607876777648926e-05
5.490219220519065857e-03
9.355116635560989380e-03
1.202672533690929413e-02
1.446988433599472046e-02
1.730062067508697510e-02
2.062652818858623505e-02
2.420346811413764954e-02
2.748420462012290955e-02
2.978183329105377197e-02
3.071110323071479797e-02
3.046022914350032806e-02
2.952749654650688171e-02
2.831622213125228882e-02
2.711806818842887878e-02
2.624961361289024353e-02
2.576895803213119507e-02
2.498901262879371643e-02
2.267800457775592804e-02
1.813265495002269745e-02
1.206030696630477905e-02
6.220139563083648682e-03
2.138033509254455566e-03
1.581683754920959473e-04
-4.626996815204620361e-04
-8.295625448226928711e-04
-1.769887283444404602e-03
-3.534570336341857910e-03
-5.779599770903587341e-03
-7.817685604095458984e-03
-9.041379205882549286e-03
-9.181035682559013367e-03
-8.214484900236129761e-03
-6.229750812053680420e-03
-3.563497681170701981e-03
-9.426288306713104248e-04
8.782655932009220123e-04
1.797994598746299744e-03
2.539258450269699097e-03
3.999334760010242462e-03
6.514407694339752197e-03
9.795722551643848419e-03
1.331813819706439972e-02
1.653971895575523376e-02
1.901576481759548187e-02
2.078455872833728790e-02
2.253213897347450256e-02
2.459376305341720581e-02
2.532493323087692261e-02
2.109239622950553894e-02
9.099682793021202087e-03
-9.100317955017089844e-03
-2.713762968778610229e-02
-3.752925246953964233e-02
-3.664520755410194397e-02
-2.698610350489616394e-02
-1.542251370847225189e-02
-9.115083143115043640e-03
-1.182155590504407883e-02
-2.247159369289875031e-02
-3.646361455321311951e-02
-4.860301315784454346e-02
-5.558557808399200439e-02
-5.653068050742149353e-02
-5.206579342484474182e-02
-4.365808144211769104e-02
-3.380018472671508789e-02
-2.586117573082447052e-02
-2.255058661103248596e-02
-2.394351363182067871e-02
-2.713432908058166504e-02
-2.821077033877372742e-02
-2.497183158993721008e-02
-1.817644760012626648e-02
-1.052379794418811798e-02
-4.405804909765720367e-03
-2.234112471342086792e-04
3.550317138433456421e-03
8.761693723499774933e-03
1.582957245409488678e-02
2.333156391978263855e-02
2.915188297629356384e-02
3.201355785131454468e-02
3.206802159547805786e-02
3.037352673709392548e-02
2.814131975173950195e-02
2.644810080528259277e-02
2.618194743990898132e-02
2.764065563678741455e-02
2.987675368785858154e-02
3.065352514386177063e-02
2.762052789330482483e-02
2.011177502572536469e-02
1.006646454334259033e-02
1.057658344507217407e-03
-4.021785221993923187e-03
-4.865506663918495178e-03
-3.792880102992057800e-03
-3.962937742471694946e-03
-7.191386073827743530e-03
-1.296920701861381531e-02
-1.920824125409126282e-02
-2.386773377656936646e-02
-2.607809752225875854e-02
-2.608719095587730408e-02
-2.455209940671920776e-02
-2.213142439723014832e-02
-1.960554346442222595e-02
-1.788342371582984924e-02
-1.741327345371246338e-02
-1.749671250581741333e-02
-1.646056026220321655e-02
-1.286793127655982971e-02
-6.794191896915435791e-03
3.102794289588928223e-05
5.451425444334745407e-03
8.499944582581520081e-03
1.005184650421142578e-02
1.196743547916412354e-02
1.549064740538597107e-02
2.031034976243972778e-02
2.500720694661140442e-02
2.827344648540019989e-02
2.970943413674831390e-02
2.969738468527793884e-02
2.885543927550315857e-02
2.774049341678619385e-02
2.686773240566253662e-02
2.667754516005516052e-02
2.724207006394863129e-02
2.791829034686088562e-02
2.738209255039691925e-02
2.433154918253421783e-02
1.857980713248252869e-02
1.162322610616683960e-02
5.892829969525337219e-03
3.066465258598327637e-03
2.898703329265117645e-03
3.617504611611366272e-03
3.385525662451982498e-03
1.450666924938559532e-03
-1.735314726829528809e-03
-5.082719959318637848e-03
-7.513556629419326782e-03
-8.422659710049629211e-03
-7.835002616047859192e-03
-6.207257509231567383e-03
-4.098830744624137878e-03
-2.034224569797515869e-03
-4.777088761329650879e-04
3.929287195205688477e-04
9.653195738792419434e-04
2.005318179726600647e-03
4.039790481328964233e-03
7.012877613306045532e-03
1.051734667271375656e-02
1.409422792494297028e-02
1.731394976377487183e-02
2.003597468137741089e-02
2.272633463144302368e-02
2.571590431034564972e-02
2.732077427208423615e-02
2.328335866332054138e-02
9.851790033280849457e-03
-1.142457872629165649e-02
-3.243738412857055664e-02
-4.332378134131431580e-02
-3.958112746477127075e-02
-2.530367672443389893e-02
-1.025735028088092804e-02
-3.742270171642303467e-03
-9.636571630835533142e-03
-2.508381567895412445e-02
-4.291841760277748108e-02
-5.609111487865447998e-02
-6.114269420504570007e-02
-5.852627381682395935e-02
-5.055547505617141724e-02
-3.983131051063537598e-02
-2.939678728580474854e-02
-2.282001264393329620e-02
-2.242567762732505798e-02
-2.701175771653652191e-02
-3.198374062776565552e-02
-3.248159587383270264e-02
-2.682670578360557556e-02
-1.735837012529373169e-02
-8.235268294811248779e-03
-2.159410156309604645e-03
1.458114944398403168e-03
5.522966384887695312e-03
1.230709627270698547e-02
2.116479910910129547e-02
2.904298901557922363e-02
3.312927484512329102e-02
3.293887898325920105e-02
3.019122034311294556e-02
2.733323350548744202e-02
2.632308378815650940e-02
2.808620594441890717e-02
3.225663676857948303e-02
3.722243756055831909e-02
4.066887870430946350e-02
4.029064625501632690e-02
3.438418731093406677e-02
2.269966714084148407e-02
7.564172148704528809e-03
-6.131097674369812012e-03
-1.337081007659435272e-02
-1.257335860282182693e-02
-7.002361118793487549e-03
-2.474916167557239532e-03
-3.390288911759853363e-03
-1.033915765583515167e-02
-2.054231241345405579e-02
-3.000849112868309021e-02
-3.574111685156822205e-02
-3.691311180591583252e-02
-3.461180999875068665e-02
-3.059512376785278320e-02
-2.622291259467601776e-02
-2.231913991272449493e-02
-1.943804882466793060e-02
-1.766185276210308075e-02
-1.619648747146129608e-02
-1.376858539879322052e-02
-9.803870692849159241e-03
-5.063040181994438171e-03
-8.657351136207580566e-04
2.318329177796840668e-03
5.454825237393379211e-03
1.016194000840187073e-02
1.722661405801773071e-02
2.557505294680595398e-02
3.259294480085372925e-02
3.579536825418472290e-02
3.463630750775337219e-02
3.088548593223094940e-02
2.727200277149677277e-02
2.575561217963695526e-02
2.682895213365554810e-02
2.981596440076828003e-02
3.329914808273315430e-02
3.543187677860260010e-02
3.453844413161277771e-02
2.996571548283100128e-02
2.253211848437786102e-02
1.419497467577457428e-02
7.203263696283102036e-03
3.137113992124795914e-03
2.152662724256515503e-03
2.907276153564453125e-03
3.464071080088615417e-03
2.584033645689487457e-03
2.833418548107147217e-04
-2.673886716365814209e-03
-5.537224933505058289e-03
-7.825575768947601318e-03
-9.217675775289535522e-03
-9.507326409220695496e-03
-8.611921221017837524e-03
-6.515029817819595337e-03
-3.326315432786941528e-03
5.032094195485115051e-04
4.207464866340160370e-03
7.126619573682546616e-03
9.038522839546203613e-03
1.008423976600170135e-02
1.067414507269859314e-02
1.158494316041469574e-02
1.370748691260814667e-02
1.731284707784652710e-02
2.185128629207611084e-02
2.672702632844448090e-02
3.148543834686279297e-02
3.418239951133728027e-02
3.017331659793853760e-02
1.489411480724811554e-02
-1.035916805267333984e-02
-3.598657995462417603e-02
-4.939300194382667542e-02
-4.433040693402290344e-02
-2.590878680348396301e-02
-7.127922028303146362e-03
-3.508115187287330627e-04
-1.013903506100177765e-02
-3.147967904806137085e-02
-5.367942154407501221e-02
-6.719823926687240601e-02
-6.881181895732879639e-02
-6.155795231461524963e-02
-5.054871737957000732e-02
-3.947813063859939575e-02
-3.068289160728454590e-02
-2.643862366676330566e-02
-2.803886681795120239e-02
-3.347858786582946777e-02
-3.759882599115371704e-02
-3.574214130640029907e-02
-2.740879729390144348e-02
-1.629218459129333496e-02
-6.979828700423240662e-03
-1.430808566510677338e-03
2.154001966118812561e-03
7.456546649336814880e-03
1.649565622210502625e-02
2.724430337548255920e-02
3.489327058196067810e-02
3.604482114315032959e-02
3.185064345598220825e-02
2.699102833867073059e-02
2.582642808556556702e-02
2.963738888502120972e-02
3.679603338241577148e-02
4.439056664705276489e-02
4.941650852560997009e-02
4.943010956048965454e-02
4.329476132988929749e-02
3.183148428797721863e-02
1.774224452674388885e-02
4.704449325799942017e-03
-4.042381420731544495e-03
-7.207863032817840576e-03
-6.269427947700023651e-03
-4.676164593547582626e-03
-5.666646640747785568e-03
-1.041665859520435333e-02
-1.794978231191635132e-02
-2.634716406464576721e-02
-3.378210589289665222e-02
-3.884088248014450073e-02
-4.067585989832878113e-02
-3.926585242152214050e-02
-3.540965914726257324e-02
-3.033138066530227661e-02
-2.528442442417144775e-02
-2.128769271075725555e-02
-1.875793933868408203e-02
-1.722031459212303162e-02
-1.566034369170665741e-02
-1.334580406546592712e-02
-1.010202243924140930e-02
-5.708720535039901733e-03
4.944391548633575439e-04
8.865468204021453857e-03
1.839060708880424500e-02
2.682007849216461182e-02
3.209063410758972168e-02
3.358807042241096497e-02
3.223545849323272705e-02
2.980151399970054626e-02
2.816353924572467804e-02
2.863269858062267303e-02
3.134128451347351074e-02
3.514972329139709473e-02
3.833451122045516968e-02
3.947564959526062012e-02
3.783350437879562378e-02
3.333649411797523499e-02
2.668417990207672119e-02
1.939090713858604431e-02
1.316855847835540771e-02
8.868809789419174194e-03
6.090886890888214111e-03
3.953486680984497070e-03
2.085281535983085632e-03
6.393007934093475342e-04
-5.267262458801269531e-04
-2.251483500003814697e-03
-5.364990793168544769e-03
-9.626775048673152924e-03
-1.355446595698595047e-02
-1.542145572602748871e-02
-1.446177810430526733e-02
-1.118718925863504410e-02
-6.747230887413024902e-03
-2.197296358644962311e-03
1.680964604020118713e-03
4.297331906855106354e-03
5.460090935230255127e-03
5.685098934918642044e-03
5.984428338706493378e-03
7.238750811666250229e-03
9.944930672645568848e-03
1.442176289856433868e-02
2.057387307286262512e-02
2.711526863276958466e-02
3.179268166422843933e-02
3.337560594081878662e-02
3.308968991041183472e-02
3.259845450520515442e-02
3.007932752370834351e-02
2.002147585153579712e-02
-8.102171123027801514e-04
-2.688946947455406189e-02
-4.521337151527404785e-02
-4.512856155633926392e-02
-2.793382480740547180e-02
-7.047783583402633667e-03
1.532400958240032196e-03
-9.665993042290210724e-03
-3.531136736273765564e-02
-6.192206591367721558e-02
-7.711961120367050171e-02
-7.671391963958740234e-02
-6.517947465181350708e-02
-5.047004297375679016e-02
-3.846276178956031799e-02
-3.146235644817352295e-02
-3.001408465206623077e-02
-3.394410014152526855e-02
-4.103546589612960815e-02
-4.621767997741699219e-02
-4.413451254367828369e-02
-3.341631963849067688e-02
-1.815633289515972137e-02
-4.718845710158348083e-03
3.237552940845489502e-03
7.089120801538228989e-03
1.116268150508403778e-02
1.830571144819259644e-02
2.704910188913345337e-02
3.297188133001327515e-02
3.315867856144905090e-02
2.950235269963741302e-02
2.742171287536621094e-02
3.111656196415424347e-02
4.001963138580322266e-02
4.960720986127853394e-02
5.510567873716354370e-02
5.430685728788375854e-02
4.770661517977714539e-02
3.722398728132247925e-02
2.529227733612060547e-02
1.453357655555009842e-02
7.178220897912979126e-03
3.960631787776947021e-03
3.319408744573593140e-03
1.982275396585464478e-03
-2.952095121145248413e-03
-1.182350516319274902e-02
-2.207408100366592407e-02
-3.033316321671009064e-02
-3.511343896389007568e-02
-3.754108771681785583e-02
-3.953563421964645386e-02
-4.151013493537902832e-02
-4.200363159179687500e-02
-3.944994136691093445e-02
-3.411152958869934082e-02
-2.823022007942199707e-02
-2.429422549903392792e-02
-2.304855920374393463e-02
-2.301345206797122955e-02
-2.182167768478393555e-02
-1.799627579748630524e-02
-1.154310442507266998e-02
-3.219772363081574440e-03
6.188001949340105057e-03
1.564713940024375916e-02
2.345163561403751373e-02
2.786390855908393860e-02
2.861774340271949768e-02
2.759376540780067444e-02
2.760880254209041595e-02
3.029067069292068481e-02
3.496327251195907593e-02
3.938843309879302979e-02
4.152939468622207642e-02
4.086531698703765869e-02
3.838153183460235596e-02
3.543599694967269897e-02
3.255812451243400574e-02
2.928458526730537415e-02
2.512208744883537292e-02
2.046598494052886963e-02
1.630362682044506073e-02
1.303575374186038971e-02
9.942538104951381683e-03
6.043819710612297058e-03
1.294312067329883575e-03
-3.363810479640960693e-03
-7.059596478939056396e-03
-9.784368798136711121e-03
-1.205614209175109863e-02
-1.405404880642890930e-02
-1.527998596429824829e-02
-1.502583082765340805e-02
-1.312771812081336975e-02
-1.033677905797958374e-02
-7.885370403528213501e-03
-6.415817886590957642e-03
-5.259055644273757935e-03
-3.075737506151199341e-03
6.066597998142242432e-04
4.814768210053443909e-03
8.372807875275611877e-03
1.136106997728347778e-02
1.479879207909107208e-02
1.909287460148334503e-02
2.349556423723697662e-02
2.708387374877929688e-02
2.953560464084148407e-02
3.089480847120285034e-02
3.159020841121673584e-02
3.295368701219558716e-02
3.603680059313774109e-02
3.826767206192016602e-02
3.248907998204231262e-02
1.270424388349056244e-02
-1.739435270428657532e-02
-4.326066747307777405e-02
-4.985495656728744507e-02
-3.485530987381935120e-02
-1.180161535739898682e-02
5.572289228439331055e-05
-9.999703615903854370e-03
-3.739928081631660461e-02
-6.689895689487457275e-02
-8.361311256885528564e-02
-8.214831352233886719e-02
-6.801846623420715332e-02
-5.160171911120414734e-02
-4.054273292422294617e-02
-3.679943829774856567e-02
-3.885411098599433899e-02
-4.440002143383026123e-02
-5.029717087745666504e-02
-5.196073278784751892e-02
-4.551921784877777100e-02
-3.148014098405838013e-02
-1.531031727790832520e-02
-3.318211995065212250e-03
2.408402971923351288e-03
5.192969925701618195e-03
1.018943637609481812e-02
1.940936595201492310e-02
2.973223105072975159e-02
3.575656563043594360e-02
3.514479845762252808e-02
3.143254294991493225e-02
3.120231255888938904e-02
3.808058053255081177e-02
4.942471906542778015e-02
5.870822444558143616e-02
6.077315285801887512e-02
5.498615652322769165e-02
4.445407912135124207e-02
3.326373547315597534e-02
2.435896731913089752e-02
1.895620301365852356e-02
1.684529334306716919e-02
1.655878312885761261e-02
1.519131287932395935e-02
8.973812684416770935e-03
-4.288464784622192383e-03
-2.224785462021827698e-02
-3.807906061410903931e-02
-4.512003436684608459e-02
-4.244678467512130737e-02
-3.577564656734466553e-02
-3.254564478993415833e-02
-3.592110425233840942e-02
-4.303513094782829285e-02
-4.818925261497497559e-02
-4.755260795354843140e-02
-4.161710664629936218e-02
-3.403973951935768127e-02
-2.822190709412097931e-02
-2.462658286094665527e-02
-2.113917842507362366e-02
-1.573698967695236206e-02
-8.372075855731964111e-03
-3.259079530835151672e-04
7.387727499008178711e-03
1.431286707520484924e-02
1.984525285661220551e-02
2.339782938361167908e-02
2.553999423980712891e-02
2.821538783609867096e-02
3.314283117651939392e-02
3.992354497313499451e-02
4.584391042590141296e-02
4.769799113273620605e-02
4.431290924549102783e-02
3.786902874708175659e-02
3.260091692209243774e-02
3.140881657600402832e-02
3.331577777862548828e-02
3.450753539800643921e-02
3.200203552842140198e-02
2.600914984941482544e-02
1.883687637746334076e-02
1.238285191357135773e-02
7.166620343923568726e-03
2.996010472998023033e-03
-4.980619996786117554e-04
-3.908545710146427155e-03
-7.772618904709815979e-03
-1.193390227854251862e-02
-1.550393365323543549e-02
-1.754157617688179016e-02
-1.762854307889938354e-02
-1.609378308057785034e-02
-1.413765922188758850e-02
-1.335037779062986374e-02
-1.416899077594280243e-02
-1.473120879381895065e-02
-1.219840906560420990e-02
-5.740747787058353424e-03
2.270129509270191193e-03
8.390706032514572144e-03
1.105693634599447250e-02
1.138931047171354294e-02
1.190268248319625854e-02
1.479072868824005127e-02
2.052174508571624756e-02
2.723527513444423676e-02
3.207307308912277222e-02
3.391948342323303223e-02
3.432313725352287292e-02
3.505174815654754639e-02
3.585159778594970703e-02
3.608419001102447510e-02
3.720140829682350159e-02
4.020921885967254639e-02
4.014799371361732483e-02
2.723617106676101685e-02
-2.306014299392700195e-03
-3.721797838807106018e-02
-5.706923082470893860e-02
-4.993670061230659485e-02
-2.431658655405044556e-02
-3.046205267310142517e-03
-5.189999938011169434e-03
-3.210487589240074158e-02
-6.798517704010009766e-02
-9.244315326213836670e-02
-9.464563429355621338e-02
-7.887621223926544189e-02
-5.853516608476638794e-02
-4.494024068117141724e-02
-4.104589298367500305e-02
-4.385909810662269592e-02
-4.972905293107032776e-02
-5.557397753000259399e-02
-5.705888569355010986e-02
-4.967451840639114380e-02
-3.342630714178085327e-02
-1.478487718850374222e-02
-1.751904375851154327e-03
3.346514888107776642e-03
5.456511862576007843e-03
1.120534073561429977e-02
2.217302657663822174e-02
3.359867259860038757e-02
3.932003676891326904e-02
3.805338218808174133e-02
3.508444130420684814e-02
3.754077851772308350e-02
4.751321673393249512e-02
5.977884307503700256e-02
6.644257903099060059e-02
6.363391131162643433e-02
5.369205772876739502e-02
4.189750924706459045e-02
3.239862620830535889e-02
2.697763964533805847e-02
2.560987323522567749e-02
2.646297216415405273e-02
2.579082734882831573e-02
1.961288601160049438e-02
6.656466051936149597e-03
-1.032856199890375137e-02
-2.640576288104057312e-02
-3.771433234214782715e-02
-4.335589334368705750e-02
-4.488737136125564575e-02
-4.453703388571739197e-02
-4.383763670921325684e-02
-4.351073503494262695e-02
-4.410263895988464355e-02
-4.613564163446426392e-02
-4.923226684331893921e-02
-5.128993839025497437e-02
-4.929616674780845642e-02
-4.166420549154281616e-02
-2.987974137067794800e-02
-1.759241521358489990e-02
-7.948395796120166779e-03
-1.761276274919509888e-03
2.075235359370708466e-03
5.055194720625877380e-03
8.283985778689384460e-03
1.276263594627380371e-02
1.950397901237010956e-02
2.869134210050106049e-02
3.870618343353271484e-02
4.646231979131698608e-02
4.929395020008087158e-02
4.696974903345108032e-02
4.202640801668167114e-02
3.797512501478195190e-02
3.682018443942070007e-02
3.796732798218727112e-02
3.926983475685119629e-02
3.891867399215698242e-02
3.631377220153808594e-02
3.156888484954833984e-02
2.494197711348533630e-02
1.712344586849212646e-02
9.629013016819953918e-03
4.125123843550682068e-03
1.055861357599496841e-03
-8.339178748428821564e-04
-3.407663200050592422e-03
-7.586248219013214111e-03
-1.276658289134502411e-02
-1.746218837797641754e-02
-2.043469250202178955e-02
-2.149222418665885925e-02
-2.140871062874794006e-02
-2.096782065927982330e-02
-2.002836763858795166e-02
-1.772900670766830444e-02
-1.367075741291046143e-02
-8.595999330282211304e-03
-3.745125373825430870e-03
1.585683785378932953e-04
3.153821919113397598e-03
5.781152285635471344e-03
8.974884636700153351e-03
1.369995530694723129e-02
1.994096860289573669e-02
2.619531378149986267e-02
3.064292669296264648e-02
3.280329704284667969e-02
3.354849293828010559e-02
3.379581496119499207e-02
3.403604030609130859e-02
3.484735265374183655e-02
3.653163090348243713e-02
3.814708068966865540e-02
3.847014158964157104e-02
3.821876645088195801e-02
3.887146338820457458e-02
3.756117075681686401e-02
2.587683871388435364e-02
-1.523867249488830566e-03
-3.636474162340164185e-02
-5.904785543680191040e-02
-5.550377070903778076e-02
-3.182694315910339355e-02
-1.046389527618885040e-02
-1.148103736340999603e-02
-3.721687570214271545e-02
-7.270612567663192749e-02
-9.820657968521118164e-02
-1.021872386336326599e-01
-8.665339648723602295e-02
-6.352268159389495850e-02
-4.580669850111007690e-02
-4.002428799867630005e-02
-4.472699016332626343e-02
-5.410694330930709839e-02
-6.160614266991615295e-02
-6.136349588632583618e-02
-5.004990100860595703e-02
-3.000789508223533630e-02
-9.403817355632781982e-03
3.651391714811325073e-03
8.094764314591884613e-03
1.004088111221790314e-02
1.567758433520793915e-02
2.510632388293743134e-02
3.357631713151931763e-02
3.756424784660339355e-02
3.854045271873474121e-02
4.112327471375465393e-02
4.830666258931159973e-02
5.835764110088348389e-02
6.586755067110061646e-02
6.601275503635406494e-02
5.842066556215286255e-02
4.722045361995697021e-02
3.750765323638916016e-02
3.200760111212730408e-02
3.071653097867965698e-02
3.213016316294670105e-02
3.341527283191680908e-02
3.018509969115257263e-02
1.866278611123561859e-02
-2.811616286635398865e-04
-1.998933963477611542e-02
-3.271555528044700623e-02
-3.630185872316360474e-02
-3.579344600439071655e-02
-3.802188485860824585e-02
-4.485614225268363953e-02
-5.214414000511169434e-02
-5.493718385696411133e-02
-5.288043618202209473e-02
-5.004015192389488220e-02
-4.994975775480270386e-02
-5.166477337479591370e-02
-5.086442083120346069e-02
-4.426788911223411560e-02
-3.258572518825531006e-02
-1.958808861672878265e-02
-9.026099927723407745e-03
-2.479663118720054626e-03
7.122466340661048889e-04
2.478033304214477539e-03
5.250621587038040161e-03
1.138033811002969742e-02
2.192980982363224030e-02
3.507459163665771484e-02
4.601181298494338989e-02
4.989606887102127075e-02
4.608194902539253235e-02
3.935710340738296509e-02
3.607846796512603760e-02
3.865779936313629150e-02
4.399364814162254333e-02
4.707353189587593079e-02
4.539730399847030640e-02
3.991931304335594177e-02
3.293721005320549011e-02
2.614752389490604401e-02
2.031927555799484253e-02
1.559925638139247894e-02
1.162989810109138489e-02
7.792153395712375641e-03
3.661674913018941879e-03
-8.338470943272113800e-04
-5.586291197687387466e-03
-1.034575235098600388e-02
-1.473652571439743042e-02
-1.861464977264404297e-02
-2.219168096780776978e-02
-2.521306276321411133e-02
-2.623757533729076385e-02
-2.379216440021991730e-02
-1.862575486302375793e-02
-1.388671994209289551e-02
-1.219402626156806946e-02
-1.286582555621862411e-02
-1.268131565302610397e-02
-9.110763669013977051e-03
-2.268116921186447144e-03
5.848168395459651947e-03
1.309699565172195435e-02
1.825666055083274841e-02
2.133243158459663391e-02
2.326606027781963348e-02
2.504796907305717468e-02
2.706028148531913757e-02
2.946342527866363525e-02
3.265977650880813599e-02
3.650793433189392090e-02
3.950265049934387207e-02
4.009935632348060608e-02
3.885612264275550842e-02
3.771184012293815613e-02
3.692877292633056641e-02
3.489837795495986938e-02
3.191046044230461121e-02
3.110205195844173431e-02
3.236846625804901123e-02
2.728712931275367737e-02
5.928035359829664230e-03
-2.888294123113155365e-02
-5.810951068997383118e-02
-6.235608458518981934e-02
-4.174067080020904541e-02
-1.763848774135112762e-02
-1.391907967627048492e-02
-3.704173117876052856e-02
-7.303008437156677246e-02
-1.004768610000610352e-01
-1.057957559823989868e-01
-8.988641202449798584e-02
-6.484679877758026123e-02
-4.518853127956390381e-02
-3.940048068761825562e-02
-4.654444009065628052e-02
-5.880196392536163330e-02
-6.670769304037094116e-02
-6.347772479057312012e-02
-4.773329198360443115e-02
-2.471223659813404083e-02
-4.083883482962846756e-03
6.494357716292142868e-03
7.498594000935554504e-03
6.681195460259914398e-03
1.127460598945617676e-02
2.144889533519744873e-02
3.184025362133979797e-02
3.839075937867164612e-02
4.220344126224517822e-02
4.689585417509078979e-02
5.376478284597396851e-02
6.035136431455612183e-02
6.300643086433410645e-02
6.007017195224761963e-02
5.294805392622947693e-02
4.498902708292007446e-02
3.941164910793304443e-02
3.752458095550537109e-02
3.814943879842758179e-02
3.844279795885086060e-02
3.535239398479461670e-02
2.682013064622879028e-02
1.272697560489177704e-02
-4.206019453704357147e-03
-1.863044314086437225e-02
-2.549182996153831482e-02
-2.463040500879287720e-02
-2.250534482300281525e-02
-2.753688953816890717e-02
-4.211055859923362732e-02
-5.927302315831184387e-02
-6.841064989566802979e-02
-6.473244726657867432e-02
-5.309643968939781189e-02
-4.289034754037857056e-02
-3.989663720130920410e-02
-4.281597584486007690e-02
-4.593615978956222534e-02
-4.387110099196434021e-02
-3.466441482305526733e-02
-2.053487300872802734e-02
-6.558558437973260880e-03
2.513528335839509964e-03
5.704502575099468231e-03
6.565399002283811569e-03
1.010502781718969345e-02
1.853622682392597198e-02
2.962695807218551636e-02
3.872814029455184937e-02
4.241149127483367920e-02
4.097148030996322632e-02
3.818739578127861023e-02
3.835485875606536865e-02
4.256082326173782349e-02
4.748117178678512573e-02
4.831015318632125854e-02
4.325615614652633667e-02
3.503777459263801575e-02
2.802570909261703491e-02
2.442540973424911499e-02
2.328004874289035797e-02
2.219037339091300964e-02
1.910468190908432007e-02
1.302519068121910095e-02
4.487970378249883652e-03
-4.106434062123298645e-03
-9.646374732255935669e-03
-1.091665960848331451e-02
-1.006876025348901749e-02
-1.087588630616664886e-02
-1.525835040956735611e-02
-2.156545408070087433e-02
-2.609721757471561432e-02
-2.615958452224731445e-02
-2.205352857708930969e-02
-1.670359820127487183e-02
-1.329357270151376724e-02
-1.262766961008310318e-02
-1.251483615487813950e-02
-1.000091992318630219e-02
-4.280956462025642395e-03
2.847608178853988647e-03
9.207006543874740601e-03
1.414921693503856659e-02
1.812249794602394104e-02
2.135430648922920227e-02
2.382430247962474823e-02
2.602704800665378571e-02
2.871005237102508545e-02
3.179609030485153198e-02
3.426570445299148560e-02
3.525377810001373291e-02
3.486818447709083557e-02
3.402485698461532593e-02
3.384654968976974487e-02
3.477750346064567566e-02
3.562180697917938232e-02
3.424122929573059082e-02
3.062177635729312897e-02
2.831664681434631348e-02
2.972153015434741974e-02
2.927374094724655151e-02
1.564782671630382538e-02
-1.478449720889329910e-02
-4.804671555757522583e-02
-6.178786605596542358e-02
-4.742377996444702148e-02
-2.098047919571399689e-02
-9.356898255646228790e-03
-2.622928097844123840e-02
-6.188490241765975952e-02
-9.387935698032379150e-02
-1.047563403844833374e-01
-9.169393777847290039e-02
-6.512143462896347046e-02
-4.120863229036331177e-02
-3.276013955473899841e-02
-4.215996712446212769e-02
-6.043086573481559753e-02
-7.347774505615234375e-02
-7.104635983705520630e-02
-5.232585966587066650e-02
-2.562806569039821625e-02
-3.140965476632118225e-03
6.643177010118961334e-03
4.503096453845500946e-03
-6.610974669456481934e-04
4.109106957912445068e-04
1.000112667679786682e-02
2.344676665961742401e-02
3.519149869680404663e-02
4.337787255644798279e-02
4.901249706745147705e-02
5.288687720894813538e-02
5.461718142032623291e-02
5.384233221411705017e-02
5.113604664802551270e-02
4.776784032583236694e-02
4.507444798946380615e-02
4.386258125305175781e-02
4.389708116650581360e-02
4.386631026864051819e-02
4.190444201231002808e-02
3.619286790490150452e-02
2.576777152717113495e-02
1.199930533766746521e-02
-6.365673616528511047e-04
-7.078225724399089813e-03
-6.672114133834838867e-03
-5.138836801052093506e-03
-9.853388182818889618e-03
-2.272763289511203766e-02
-3.859337419271469116e-02
-5.058636516332626343e-02
-5.590357631444931030e-02
-5.608349665999412537e-02
-5.351883172988891602e-02
-4.949643835425376892e-02
-4.512648284435272217e-02
-4.215994477272033691e-02
-4.174590855836868286e-02
-4.276499152183532715e-02
-4.209547489881515503e-02
-3.683753684163093567e-02
-2.656118012964725494e-02
-1.376457139849662781e-02
-2.192439511418342590e-03
5.664748605340719223e-03
9.856503456830978394e-03
1.219422556459903717e-02
1.464690454304218292e-02
1.857246086001396179e-02
2.472101151943206787e-02
3.282900527119636536e-02
4.092399030923843384e-02
4.592138528823852539e-02
4.589498043060302734e-02
4.191118478775024414e-02
3.727070987224578857e-02
3.480553999543190002e-02
3.492699936032295227e-02
3.597235679626464844e-02
3.588209673762321472e-02
3.343483805656433105e-02
2.846992760896682739e-02
2.167277038097381592e-02
1.435679011046886444e-02
8.062861859798431396e-03
3.850876353681087494e-03
1.707399263978004456e-03
5.860044620931148529e-04
-9.698448702692985535e-04
-4.107618704438209534e-03
-9.143482893705368042e-03
-1.525895111262798309e-02
-2.062921039760112762e-02
-2.329657599329948425e-02
-2.244081720709800720e-02
-1.898949965834617615e-02
-1.498009450733661652e-02
-1.230158843100070953e-02
-1.177168264985084534e-02
-1.277431193739175797e-02
-1.337181776762008667e-02
-1.122090965509414673e-02
-5.263428203761577606e-03
3.140784800052642822e-03
1.103250496089458466e-02
1.601871848106384277e-02
1.772812195122241974e-02
1.761556416749954224e-02
1.790139079093933105e-02
2.034608833491802216e-02
2.497493103146553040e-02
2.970321476459503174e-02
3.208157420158386230e-02
3.185205906629562378e-02
3.101270832121372223e-02
3.101110458374023438e-02
3.107135742902755737e-02
3.012039139866828918e-02
2.893146499991416931e-02
2.868058905005455017e-02
2.855020388960838318e-02
2.720503881573677063e-02
2.580822445452213287e-02
2.576418220996856689e-02
2.273884043097496033e-02
7.876762188971042633e-03
-2.044788189232349396e-02
-4.835469275712966919e-02
-5.623460188508033752e-02
-3.924876078963279724e-02
-1.506363600492477417e-02
-8.463425561785697937e-03
-2.899968624114990234e-02
-6.421576440334320068e-02
-9.194155037403106689e-02
-9.699207544326782227e-02
-7.916323840618133545e-02
-5.112617835402488708e-02
-3.036936745047569275e-02
-2.884386852383613586e-02
-4.524097591638565063e-02
-6.589950621128082275e-02
-7.474572956562042236e-02
-6.439329683780670166e-02
-3.983857855200767517e-02
-1.362745463848114014e-02
2.458140254020690918e-03
4.093974828720092773e-03
-3.504835069179534912e-03
-9.545437991619110107e-03
-5.719373002648353577e-03
7.887210696935653687e-03
2.430095337331295013e-02
3.649467974901199341e-02
4.229703918099403381e-02
4.363612458109855652e-02
4.316796362400054932e-02
4.252235591411590576e-02
4.243196174502372742e-02
4.295101761817932129e-02
4.359054192900657654e-02
4.399897158145904541e-02
4.433928430080413818e-02
4.440599307417869568e-02
4.276264086365699768e-02
3.772041201591491699e-02
2.927749603986740112e-02
1.949726417660713196e-02
1.100135501474142075e-02
5.590248387306928635e-03
3.795296186581254005e-03
4.235042259097099304e-03
3.022481687366962433e-03
-4.417356103658676147e-03
-1.901133172214031219e-02
-3.562197089195251465e-02
-4.644626379013061523e-02
-4.759967327117919922e-02
-4.210522025823593140e-02
-3.653667867183685303e-02
-3.549159690737724304e-02
-3.920894861221313477e-02
-4.490073025226593018e-02
-4.892447218298912048e-02
-4.822520539164543152e-02
-4.162285476922988892e-02
-3.085996396839618683e-02
-1.992910355329513550e-02
-1.240487303584814072e-02
-9.003941901028156281e-03
-7.613835856318473816e-03
-5.367068573832511902e-03
-5.388744175434112549e-04
6.950777955353260040e-03
1.588391140103340149e-02
2.424189448356628418e-02
2.999142929911613464e-02
3.221135586500167847e-02
3.173861280083656311e-02
3.056821040809154510e-02
3.048310801386833191e-02
3.210926055908203125e-02
3.486137837171554565e-02
3.732467070221900940e-02
3.778579086065292358e-02
3.511675819754600525e-02
2.973966673016548157e-02
2.363781444728374481e-02
1.899413764476776123e-02
1.663614809513092041e-02
1.577048189938068390e-02
1.492930483072996140e-02
1.286806352436542511e-02
8.893564343452453613e-03
3.161193802952766418e-03
-3.021795302629470825e-03
-7.751665078103542328e-03
-9.992174804210662842e-03
-1.042928081005811691e-02
-1.062323059886693954e-02
-1.151492632925510406e-02
-1.301282644271850586e-02
-1.463956199586391449e-02
-1.593204215168952942e-02
-1.628833636641502380e-02
-1.512141991406679153e-02
-1.243878994137048721e-02
-8.908738382160663605e-03
-5.211919546127319336e-03
-1.668518409132957458e-03
1.471582800149917603e-03
3.945311531424522400e-03
5.959268659353256226e-03
8.273638784885406494e-03
1.142178475856781006e-02
1.515187136828899384e-02
1.885411888360977173e-02
2.206135541200637817e-02
2.427281253039836884e-02
2.501449361443519592e-02
2.469043806195259094e-02
2.471214905381202698e-02
2.594024315476417542e-02
2.755005471408367157e-02
2.836319431662559509e-02
2.855677157640457153e-02
2.866097353398799896e-02
2.773132920265197754e-02
2.493511512875556946e-02
2.261044457554817200e-02
2.392275445163249969e-02
2.570949681103229523e-02
1.777156256139278412e-02
-5.485228728502988815e-03
-3.361530601978302002e-02
-4.632660001516342163e-02
-3.431670367717742920e-02
-1.126520335674285889e-02
-1.847373321652412415e-03
-1.848626509308815002e-02
-5.133877694606781006e-02
-7.895755767822265625e-02
-8.567411452531814575e-02
-7.048778235912322998e-02
-4.514170438051223755e-02
-2.646388672292232513e-02
-2.661164663732051849e-02
-4.482970386743545532e-02
-6.701435893774032593e-02
-7.579996436834335327e-02
-6.379824876785278320e-02
-3.840474039316177368e-02
-1.473311893641948700e-02
-4.157807677984237671e-03
-7.758975028991699219e-03
-1.758154295384883881e-02
-2.286331169307231903e-02
-1.695228181779384613e-02
-1.121976878494024277e-03
1.706123538315296173e-02
2.963251620531082153e-02
3.361194208264350891e-02
3.173042833805084229e-02
2.899542450904846191e-02
2.895492315292358398e-02
3.236016631126403809e-02
3.787543624639511108e-02
4.333831369876861572e-02
4.683873057365417480e-02
4.743680357933044434e-02
4.526381567120552063e-02
4.104826971888542175e-02
3.566049784421920776e-02
3.007351234555244446e-02
2.537491917610168457e-02
2.234006673097610474e-02
2.078485116362571716e-02
1.936225406825542450e-02
1.608611643314361572e-02
9.339900687336921692e-03
-9.954371489584445953e-04
-1.280452962964773178e-02
-2.226818352937698364e-02
-2.618019096553325653e-02
-2.484142594039440155e-02
-2.275688201189041138e-02
-2.548316866159439087e-02
-3.468961268663406372e-02
-4.603321105241775513e-02
-5.236539989709854126e-02
-4.964866861701011658e-02
-4.020523652434349060e-02
-3.057932481169700623e-02
-2.634361013770103455e-02
-2.833453193306922913e-02
-3.268649429082870483e-02
-3.381790220737457275e-02
-2.812684886157512665e-02
-1.636149175465106964e-02
-3.252457827329635620e-03
5.708109587430953979e-03
8.263608440756797791e-03
6.911501288414001465e-03
6.562671624124050140e-03
1.051245350390672684e-02
1.828286051750183105e-02
2.669448032975196838e-02
3.252574056386947632e-02
3.445572406053543091e-02
3.339428827166557312e-02
3.153737261891365051e-02
3.081374056637287140e-02
3.161978349089622498e-02
3.281518071889877319e-02
3.300488740205764771e-02
3.176137804985046387e-02
2.953605726361274719e-02
2.670770883560180664e-02
2.321078442037105560e-02
1.910294406116008759e-02
1.500181853771209717e-02
1.165379490703344345e-02
9.246446192264556885e-03
7.303798571228981018e-03
5.059532821178436279e-03
1.813609153032302856e-03
-2.709528431296348572e-03
-7.908638566732406616e-03
-1.229991111904382706e-02
-1.443978585302829742e-02
-1.413493230938911438e-02
-1.271024532616138458e-02
-1.202214695513248444e-02
-1.308862958103418350e-02
-1.533128507435321808e-02
-1.686726883053779602e-02
-1.578056626021862030e-02
-1.164922211319208145e-02
-6.026279181241989136e-03
-1.246020197868347168e-03
1.337030902504920959e-03
2.025347203016281128e-03
2.218898385763168335e-03
3.634827211499214172e-03
7.535316981375217438e-03
1.359304133802652359e-02
1.939448900520801544e-02
2.218807488679885864e-02
2.173705771565437317e-02
2.067481540143489838e-02
2.150620147585868835e-02
2.416940405964851379e-02
2.720148116350173950e-02
2.992489188909530640e-02
3.199515491724014282e-02
3.212996199727058411e-02
2.987632900476455688e-02
2.797792665660381317e-02
2.924012765288352966e-02
3.001618199050426483e-02
2.117303386330604553e-02
-3.016162663698196411e-04
-2.281525172293186188e-02
-2.904799953103065491e-02
-1.508182100951671600e-02
2.856997773051261902e-03
3.501167520880699158e-03
-1.893423683941364288e-02
-5.050570890307426453e-02
-7.127976417541503906e-02
-7.093167304992675781e-02
-5.359559506177902222e-02
-3.295889869332313538e-02
-2.376755326986312866e-02
-3.316874802112579346e-02
-5.527330935001373291e-02
-7.415722310543060303e-02
-7.555380463600158691e-02
-5.807938426733016968e-02
-3.367163613438606262e-02
-1.731029525399208069e-02
-1.594568789005279541e-02
-2.529177255928516388e-02
-3.468831256031990051e-02
-3.474781662225723267e-02
-2.286151424050331116e-02
-4.068980924785137177e-03
1.284460909664630890e-02
2.141401171684265137e-02
2.137340977787971497e-02
1.772854104638099670e-02
1.646004989743232727e-02
2.058031596243381500e-02
2.901985496282577515e-02
3.820774704217910767e-02
4.467115923762321472e-02
4.688064754009246826e-02
4.542572423815727234e-02
4.195918887853622437e-02
3.815297782421112061e-02
3.529507294297218323e-02
3.406034409999847412e-02
3.408060967922210693e-02
3.389384225010871887e-02
3.180444613099098206e-02
2.699679136276245117e-02
1.986784674227237701e-02
1.163085270673036575e-02
3.929609432816505432e-03
-1.583470962941646576e-03
-4.296279512345790863e-03
-5.747300572693347931e-03
-9.109323844313621521e-03
-1.664658635854721069e-02
-2.731858380138874054e-02
-3.710032254457473755e-02
-4.197630658745765686e-02
-4.095868393778800964e-02
-3.666588664054870605e-02
-3.329508006572723389e-02
-3.370781987905502319e-02
-3.759313374757766724e-02
-4.176769405603408813e-02
-4.236671328544616699e-02
-3.749078884720802307e-02
-2.849152497947216034e-02
-1.899347454309463501e-02
-1.240549981594085693e-02
-9.737784042954444885e-03
-9.197490289807319641e-03
-7.679851260036230087e-03
-2.982585690915584564e-03
4.796122200787067413e-03
1.351492386311292648e-02
2.053709514439105988e-02
2.438380196690559387e-02
2.542123012244701385e-02
2.533383108675479889e-02
2.593782357871532440e-02
2.812794595956802368e-02
3.147663176059722900e-02
3.459127619862556458e-02
3.599693626165390015e-02
3.504359722137451172e-02
3.224511817097663879e-02
2.880610153079032898e-02
2.577362209558486938e-02
2.355444058775901794e-02
2.201176248490810394e-02
2.067386731505393982e-02
1.875461265444755554e-02
1.538888830691576004e-02
1.037555001676082611e-02
4.701356403529644012e-03
-9.648874402046203613e-05
-3.277277573943138123e-03
-5.386104807257652283e-03
-7.362583652138710022e-03
-9.571765549480915070e-03
-1.190518774092197418e-02
-1.430535688996315002e-02
-1.661728508770465851e-02
-1.818561740219593048e-02
-1.827595196664333344e-02
-1.692261546850204468e-02
-1.485447026789188385e-02
-1.260921359062194824e-02
-1.030357275158166885e-02
-8.225791156291961670e-03
-6.744485348463058472e-03
-5.284534767270088196e-03
-2.330106683075428009e-03
2.730549313127994537e-03
8.321840316057205200e-03
1.215590722858905792e-02
1.373277511447668076e-02
1.458761282265186310e-02
1.633578352630138397e-02
1.936169154942035675e-02
2.314618974924087524e-02
2.668197453022003174e-02
2.858781069517135620e-02
2.820504829287528992e-02
2.691810205578804016e-02
2.699639275670051575e-02
2.862823754549026489e-02
2.972822077572345734e-02
2.941310964524745941e-02
2.922934293746948242e-02
2.875520102679729462e-02
2.253374829888343811e-02
6.217427551746368408e-03
-1.404020003974437714e-02
-2.373521588742733002e-02
-1.545093022286891937e-02
2.691447734832763672e-04
3.857214469462633133e-03
-1.336423587054014206e-02
-4.088083282113075256e-02
-6.027057021856307983e-02
-6.163800135254859924e-02
-4.886533692479133606e-02
-3.339794650673866272e-02
-2.620202302932739258e-02
-3.271002694964408875e-02
-4.979331046342849731e-02
-6.618457287549972534e-02
-6.949276477098464966e-02
-5.628258734941482544e-02
-3.546474874019622803e-02
-2.068620733916759491e-02
-1.909282803535461426e-02
-2.700559236109256744e-02
-3.474817425012588501e-02
-3.439487516880035400e-02
-2.417322993278503418e-02
-8.205950260162353516e-03
6.678707897663116455e-03
1.508260425180196762e-02
1.609514839947223663e-02
1.339594461023807526e-02
1.230924203991889954e-02
1.609937101602554321e-02
2.422740682959556580e-02
3.340086713433265686e-02
4.009691625833511353e-02
4.257747158408164978e-02
4.129971936345100403e-02
3.804278373718261719e-02
3.480528667569160461e-02
3.308067843317985535e-02
3.334581106901168823e-02
3.468819335103034973e-02
3.510019555687904358e-02
3.269844502210617065e-02
2.703809365630149841e-02
1.941525936126708984e-02
1.205079816281795502e-02
6.841573864221572876e-03
4.218883812427520752e-03
2.642869949340820312e-03
-4.382617771625518799e-04
-6.334356032311916351e-03
-1.377956848591566086e-02
-2.045833319425582886e-02
-2.571337670087814331e-02
-3.063259273767471313e-02
-3.519656136631965637e-02
-3.695177286863327026e-02
-3.411193937063217163e-02
-2.928261831402778625e-02
-2.795768901705741882e-02
-3.252598643302917480e-02
-3.897048160433769226e-02
-4.051909223198890686e-02
-3.408539667725563049e-02
-2.262082695960998535e-02
-1.202989742159843445e-02
-6.751073524355888367e-03
-7.437059655785560608e-03
-1.090628281235694885e-02
-1.182280015200376511e-02
-6.091761868447065353e-03
5.630925297737121582e-03
1.771884225308895111e-02
2.387649193406105042e-02
2.240591868758201599e-02
1.744717359542846680e-02
1.519283372908830643e-02
1.883563958108425140e-02
2.655170112848281860e-02
3.353470191359519958e-02
3.581274300813674927e-02
3.280882909893989563e-02
2.713273465633392334e-02
2.233749069273471832e-02
2.061468735337257385e-02
2.185159176588058472e-02
2.407538332045078278e-02
2.465672045946121216e-02
2.182446420192718506e-02
1.590251177549362183e-02
9.245701134204864502e-03
4.511372186243534088e-03
2.616576850414276123e-03
2.297457773238420486e-03
1.516990363597869873e-03
-8.981674909591674805e-04
-4.779354669153690338e-03
-9.105956181883811951e-03
-1.262630987912416458e-02
-1.436881348490715027e-02
-1.414469256997108459e-02
-1.275344751775264740e-02
-1.149814017117023468e-02
-1.124225743114948273e-02
-1.176654547452926636e-02
-1.197176240384578705e-02
-1.079013384878635406e-02
-8.058482781052589417e-03
-4.548177123069763184e-03
-1.146365888416767120e-03
1.826772466301918030e-03
4.399704281240701675e-03
6.446626037359237671e-03
7.941858842968940735e-03
9.559087455272674561e-03
1.224807742983102798e-02
1.595649309456348419e-02
1.938086934387683868e-02
2.135668881237506866e-02
2.198838442564010620e-02
2.209371328353881836e-02
2.224379032850265503e-02
2.286382392048835754e-02
2.437542378902435303e-02
2.628538198769092560e-02
2.702702209353446960e-02
2.609004266560077667e-02
2.530074119567871094e-02
2.555853500962257385e-02
2.280370518565177917e-02
1.127961743623018265e-02
-7.064060308039188385e-03
-1.998810470104217529e-02
-1.670315489172935486e-02
-1.931669656187295914e-03
6.292252801358699799e-03
-5.055813584476709366e-03
-3.030682727694511414e-02
-5.142246186733245850e-02
-5.566222220659255981e-02
-4.493942111730575562e-02
-3.055063635110855103e-02
-2.322085760533809662e-02
-2.779651060700416565e-02
-4.210890084505081177e-02
-5.747376754879951477e-02
-6.285735219717025757e-02
-5.317712575197219849e-02
-3.470737859606742859e-02
-2.040816284716129303e-02
-1.864759065210819244e-02
-2.667158469557762146e-02
-3.463417291641235352e-02
-3.455688804388046265e-02
-2.531304955482482910e-02
-1.123861223459243774e-02
1.808564644306898117e-03
9.456207975745201111e-03
1.051514316350221634e-02
7.585801184177398682e-03
5.701853428035974503e-03
8.940901607275009155e-03
1.738108322024345398e-02
2.723667398095130920e-02
3.409927710890769958e-02
3.613386675715446472e-02
3.449719399213790894e-02
3.150755912065505981e-02
2.907300181686878204e-02
2.844517864286899567e-02
3.012245334684848785e-02
3.309220075607299805e-02
3.468992561101913452e-02
3.238512203097343445e-02
2.617194876074790955e-02
1.880556344985961914e-02
1.339377555996179581e-02
1.093720085918903351e-02
1.017102040350437164e-02
9.123772382736206055e-03
6.324222311377525330e-03
1.028717495501041412e-03
-6.585245020687580109e-03
-1.493598893284797668e-02
-2.132542803883552551e-02
-2.367629669606685638e-02
-2.249353379011154175e-02
-2.093405276536941528e-02
-2.238887920975685120e-02
-2.750246971845626831e-02
-3.342678397893905640e-02
-3.618378564715385437e-02
-3.401125222444534302e-02
-2.860780246555805206e-02
-2.338277921080589294e-02
-2.070694044232368469e-02
-2.058455348014831543e-02
-2.119433134794235229e-02
-2.020559459924697876e-02
-1.606793142855167389e-02
-9.055292233824729919e-03
-1.448039896786212921e-03
3.870287677273154259e-03
5.688144825398921967e-03
5.502317566424608231e-03
6.155084818601608276e-03
9.407650679349899292e-03
1.474658865481615067e-02
2.015061676502227783e-02
2.367820590734481812e-02
2.457720600068569183e-02
2.352913282811641693e-02
2.214537560939788818e-02
2.191491611301898956e-02
2.315822616219520569e-02
2.483472414314746857e-02
2.546489238739013672e-02
2.433216199278831482e-02
2.184822037816047668e-02
1.890851184725761414e-02
1.610507816076278687e-02
1.359500363469123840e-02
1.145872101187705994e-02
9.810218587517738342e-03
8.451314643025398254e-03
6.700958125293254852e-03
3.916671965271234512e-03
2.260426990687847137e-04
-3.454268909990787506e-03
-6.177180912345647812e-03
-7.611418142914772034e-03
-8.012536913156509399e-03
-7.932663895189762115e-03
-8.102437481284141541e-03
-9.144570678472518921e-03
-1.087706256657838821e-02
-1.202776934951543808e-02
-1.122080534696578979e-02
-8.452158421277999878e-03
-5.254878196865320206e-03
-3.196529112756252289e-03
-2.439972478896379471e-03
-1.911658910103142262e-03
-5.457901861518621445e-04
1.932583982124924660e-03
5.148523952811956406e-03
8.454364724457263947e-03
1.112313009798526764e-02
1.262470334768295288e-02
1.307125296443700790e-02
1.334608718752861023e-02
1.452284120023250580e-02
1.689885556697845459e-02
1.952851191163063049e-02
2.094867080450057983e-02
2.066933736205101013e-02
1.979968883097171783e-02
1.972990483045578003e-02
2.032673731446266174e-02
2.031491138041019440e-02
1.959536224603652954e-02
1.965772919356822968e-02
2.033153548836708069e-02
1.748708076775074005e-02
7.052014581859111786e-03
-7.939451374113559723e-03
-1.734149828553199768e-02
-1.399892754852771759e-02
-3.123095259070396423e-03
1.422605011612176895e-03
-8.862494491040706635e-03
-2.845880389213562012e-02
-4.381232708692550659e-02
-4.621931910514831543e-02
-3.787751123309135437e-02
-2.757131867110729218e-02
-2.324414998292922974e-02
-2.790972776710987091e-02
-3.893540054559707642e-02
-4.926988482475280762e-02
-5.137659609317779541e-02
-4.301388561725616455e-02
-2.979702316224575043e-02
-2.076992392539978027e-02
-2.059580013155937195e-02
-2.610235661268234253e-02
-3.009474650025367737e-02
-2.773395366966724396e-02
-1.939468830823898315e-02
-8.883319795131683350e-03
-1.758334692567586899e-04
4.576058592647314072e-03
5.526894237846136093e-03
4.797491710633039474e-03
5.391793325543403625e-03
9.388213977217674255e-03
1.639396511018276215e-02
2.369803376495838165e-02
2.831968292593955994e-02
2.924459800124168396e-02
2.780880779027938843e-02
2.611973881721496582e-02
2.543041110038757324e-02
2.596827410161495209e-02
2.752821333706378937e-02
2.939606830477714539e-02
2.992577292025089264e-02
2.736124396324157715e-02
2.178886346518993378e-02
1.576536335051059723e-02
1.217157766222953796e-02
1.142068393528461456e-02
1.129500195384025574e-02
9.488801471889019012e-03
5.674883723258972168e-03
9.434788953512907028e-04
-3.974398598074913025e-03
-9.178687818348407745e-03
-1.458675973117351532e-02
-1.926800422370433807e-02
-2.208851277828216553e-02
-2.275059930980205536e-02
-2.211222238838672638e-02
-2.174790576100349426e-02
-2.313891798257827759e-02
-2.661878243088722229e-02
-3.055186755955219269e-02
-3.188687935471534729e-02
-2.846835739910602570e-02
-2.136302739381790161e-02
-1.461373269557952881e-02
-1.202628575265407562e-02
-1.379366964101791382e-02
-1.626062579452991486e-02
-1.512322854250669479e-02
-9.041154757142066956e-03
-4.808160010725259781e-04
6.541213020682334900e-03
9.497439488768577576e-03
8.806814439594745636e-03
7.155707571655511856e-03
7.583211176097393036e-03
1.150321401655673981e-02
1.768347620964050293e-02
2.297275140881538391e-02
2.461548522114753723e-02
2.246958017349243164e-02
1.908435486257076263e-02
1.745662093162536621e-02
1.860586553812026978e-02
2.116050571203231812e-02
2.289736829698085785e-02
2.241964079439640045e-02
1.970547437667846680e-02
1.577061414718627930e-02
1.209395006299018860e-02
9.907979518175125122e-03
9.420403279364109039e-03
9.572615846991539001e-03
8.799595758318901062e-03
6.243890151381492615e-03
2.337835729122161865e-03
-1.645826036110520363e-03
-4.502595402300357819e-03
-5.732947029173374176e-03
-5.662248935550451279e-03
-5.167785100638866425e-03
-5.199013277888298035e-03
-6.273783277720212936e-03
-8.140657097101211548e-03
-9.791830554604530334e-03
-9.982818737626075745e-03
-8.151255548000335693e-03
-5.066751036792993546e-03
-2.394197974354028702e-03
-1.306622056290507317e-03
-1.481144339777529240e-03
-1.536662224680185318e-03
-3.315899521112442017e-04
2.274505794048309326e-03
5.586689803749322891e-03
8.523082360625267029e-03
1.010766625404357910e-02
1.025098189711570740e-02
1.019719801843166351e-02
1.150226034224033356e-02
1.417476311326026917e-02
1.642705872654914856e-02
1.680669933557510376e-02
1.600754633545875549e-02
1.580288633704185486e-02
1.665159501135349274e-02
1.741867139935493469e-02
1.727897301316261292e-02
1.664818264544010162e-02
1.605076715350151062e-02
1.537003461271524429e-02
1.467642746865749359e-02
1.426224224269390106e-02
1.279279217123985291e-02
7.156726904213428497e-03
-3.396094311028718948e-03
-1.360971480607986450e-02
-1.598059386014938354e-02
-9.639166295528411865e-03
-3.307696431875228882e-03
-6.923757493495941162e-03
-2.083135396242141724e-02
-3.522783517837524414e-02
-4.026434943079948425e-02
-3.501365706324577332e-02
-2.650945074856281281e-02
-2.228673733770847321e-02
-2.506307512521743774e-02
-3.263571858406066895e-02
-4.015597701072692871e-02
-4.259653761982917786e-02
-3.766009956598281860e-02
-2.803727984428405762e-02
-2.002258971333503723e-02
-1.834845356643199921e-02
-2.199500426650047302e-02
-2.546016126871109009e-02
-2.403116784989833832e-02
-1.744230277836322784e-02
-8.891167119145393372e-03
-1.729256473481655121e-03
2.475972753018140793e-03
3.833701601251959801e-03
3.634303342550992966e-03
4.069114103913307190e-03
7.192525081336498260e-03
1.314486283808946609e-02
1.957834139466285706e-02
2.352376468479633331e-02
2.399387955665588379e-02
2.252588048577308655e-02
2.133142203092575073e-02
2.142766118049621582e-02
2.254642918705940247e-02
2.403588779270648956e-02
2.518911473453044891e-02
2.506539784371852875e-02
2.290100045502185822e-02
1.903393119573593140e-02
1.500689424574375153e-02
1.234260760247707367e-02
1.123376935720443726e-02
1.053742039948701859e-02
8.911656215786933899e-03
5.807730369269847870e-03
1.522211474366486073e-03
-3.323343116790056229e-03
-8.081035688519477844e-03
-1.195583958178758621e-02
-1.407648064196109772e-02
-1.429180614650249481e-02
-1.402913965284824371e-02
-1.568416319787502289e-02
-2.027302980422973633e-02
-2.563565038144588470e-02
-2.782288193702697754e-02
-2.492927014827728271e-02
-1.929548569023609161e-02
-1.539133116602897644e-02
-1.558738760650157928e-02
-1.830753311514854431e-02
-1.999439857900142670e-02
-1.821397431194782257e-02
-1.302768848836421967e-02
-6.464988924562931061e-03
-1.282724551856517792e-03
5.591741064563393593e-04
-5.813643801957368851e-04
-1.865412108600139618e-03
-1.484660897403955460e-04
5.113770253956317902e-03
1.128478161990642548e-02
1.506932638585567474e-02
1.545111835002899170e-02
1.408882066607475281e-02
1.329411752521991730e-02
1.411030162125825882e-02
1.612690463662147522e-02
1.834971085190773010e-02
1.979053020477294922e-02
1.964204385876655579e-02
1.768642663955688477e-02
1.481315679848194122e-02
1.267762668430805206e-02
1.230919733643531799e-02
1.304915361106395721e-02
1.319002918899059296e-02
1.170063670724630356e-02
9.031927213072776794e-03
6.243139971047639847e-03
3.880606032907962799e-03
2.028190530836582184e-03
8.959425613284111023e-04
5.642084870487451553e-04
2.663799095898866653e-04
-1.172483433037996292e-03
-3.808358218520879745e-03
-6.123762577772140503e-03
-6.660508923232555389e-03
-5.714095197618007660e-03
-4.795377142727375031e-03
-4.695740528404712677e-03
-4.858116153627634048e-03
-4.608461633324623108e-03
-4.084232263267040253e-03
-3.543648868799209595e-03
-2.523579169064760208e-03
-4.805671051144599915e-04
2.050923183560371399e-03
3.802756313234567642e-03
4.375805146992206573e-03
4.807479679584503174e-03
6.198329385370016098e-03
8.280311711132526398e-03
9.890931658446788788e-03
1.061424612998962402e-02
1.125418581068515778e-02
1.251407247036695480e-02
1.380926836282014847e-02
1.397898420691490173e-02
1.299179811030626297e-02
1.223210245370864868e-02
1.279994007200002670e-02
1.404673419892787933e-02
1.437470130622386932e-02
1.323316060006618500e-02
1.159667503088712692e-02
1.048141717910766602e-02
9.882640093564987183e-03
9.505612775683403015e-03
9.438818320631980896e-03
9.020088240504264832e-03
5.912540014833211899e-03
-1.605381607078015804e-03
-1.098269969224929810e-02
-1.609422266483306885e-02
-1.354558393359184265e-02
-7.618066854774951935e-03
-6.819116882979869843e-03
-1.493475958704948425e-02
-2.682579308748245239e-02
-3.383156657218933105e-02
-3.230874985456466675e-02
-2.601458132266998291e-02
-2.125530131161212921e-02
-2.137765102088451385e-02
-2.557070553302764893e-02
-3.077880479395389557e-02
-3.363721817731857300e-02
-3.193259239196777344e-02
-2.613019943237304688e-02
-1.964461058378219604e-02
-1.636559143662452698e-02
-1.718737743794918060e-02
-1.928014680743217468e-02
-1.900937035679817200e-02
-1.520560681819915771e-02
-9.460479021072387695e-03
-3.964245785027742386e-03
1.799890305846929550e-04
2.836486324667930603e-03
4.187223967164754868e-03
4.831267055124044418e-03
6.032962817698717117e-03
8.968435227870941162e-03
1.340992748737335205e-02
1.754709333181381226e-02
1.954593509435653687e-02
1.926738768815994263e-02
1.820735633373260498e-02
1.781435683369636536e-02
1.825823076069355011e-02
1.892488077282905579e-02
1.949480921030044556e-02
1.987239532172679901e-02
1.935142651200294495e-02
1.693232171237468719e-02
1.293864566832780838e-02
9.484827518463134766e-03
8.360311388969421387e-03
8.752601221203804016e-03
8.121320977807044983e-03
5.332028493285179138e-03
1.703364774584770203e-03
-1.466101035475730896e-03
-4.905900452286005020e-03
-9.470935910940170288e-03
-1.325373351573944092e-02
-1.307481247931718826e-02
-9.419292211532592773e-03
-7.634008303284645081e-03
-1.218857988715171814e-02
-2.062362805008888245e-02
-2.543825283646583557e-02
-2.229613810777664185e-02
-1.466311886906623840e-02
-9.591578505933284760e-03
-1.036006584763526917e-02
-1.442468911409378052e-02
-1.735110208392143250e-02
-1.676746271550655365e-02
-1.276852749288082123e-02
-6.787872407585382462e-03
-1.240283483639359474e-03
1.184515072964131832e-03
-2.537850523367524147e-04
-2.903219778090715408e-03
-2.799329813569784164e-03
1.399208209477365017e-03
7.195298559963703156e-03
1.111769024282693863e-02
1.202925853431224823e-02
1.126491371542215347e-02
1.043329667299985886e-02
1.014504395425319672e-02
1.062213536351919174e-02
1.224333420395851135e-02
1.477027405053377151e-02
1.665616594254970551e-02
1.614217832684516907e-02
1.326344721019268036e-02
1.019638776779174805e-02
9.172834455966949463e-03
1.024846080690622330e-02
1.149314455687999725e-02
1.120731048285961151e-02
9.402221068739891052e-03
7.070830091834068298e-03
4.796286579221487045e-03
2.727110171690583229e-03
1.415766309946775436e-03
1.543660182505846024e-03
2.567084738984704018e-03
2.608249429613351822e-03
4.791391547769308090e-04
-2.640090417116880417e-03
-4.357779398560523987e-03
-3.737019142135977745e-03
-2.041875384747982025e-03
-9.024257306009531021e-04
-6.863591261208057404e-04
-9.587069507688283920e-04
-1.532353926450014114e-03
-2.215192653238773346e-03
-2.132422756403684616e-03
-4.401630721986293793e-04
2.288453048095107079e-03
4.316650331020355225e-03
4.658691119402647018e-03
4.074487835168838501e-03
3.875479567795991898e-03
4.441571421921253204e-03
5.429089535027742386e-03
6.786804180592298508e-03
8.628777228295803070e-03
1.027506869286298752e-02
1.044605858623981476e-02
8.856479078531265259e-03
7.034568116068840027e-03
6.924491375684738159e-03
8.769568987190723419e-03
1.080248039215803146e-02
1.108376216143369675e-02
9.373702108860015869e-03
7.110226899385452271e-03
5.819712765514850616e-03
5.828317254781723022e-03
6.422384176403284073e-03
6.804968696087598801e-03
6.573402788490056992e-03
5.552529823035001755e-03
3.807351225987076759e-03
1.947205513715744019e-03
7.349736988544464111e-04
-1.296747941523790359e-04
-2.256131032481789589e-03
-6.597811821848154068e-03
-1.138982363045215607e-02
-1.337043754756450653e-02
-1.173812523484230042e-02
-9.896300733089447021e-03
-1.200865861028432846e-02
-1.809677481651306152e-02
-2.378469333052635193e-02
-2.509762346744537354e-02
-2.245280705392360687e-02
-1.945916190743446350e-02
-1.883455924689769745e-02
-2.046123333275318146e-02
-2.270227856934070587e-02
-2.412385493516921997e-02
-2.380461804568767548e-02
-2.135441266000270844e-02
-1.757854409515857697e-02
-1.449125073850154877e-02
-1.360966637730598450e-02
-1.420545298606157303e-02
-1.394786871969699860e-02
-1.144456677138805389e-02
-7.597953546792268753e-03
-4.221130162477493286e-03
-1.922535127960145473e-03
3.781309351325035095e-05
2.165133133530616760e-03
3.972694743424654007e-03
5.100132897496223450e-03
6.383997388184070587e-03
8.935391902923583984e-03
1.232982054352760315e-02
1.465773209929466248e-02
1.476035453379154205e-02
1.375070307403802872e-02
1.365210674703121185e-02
1.490910071879625320e-02
1.609635539352893829e-02
1.603161171078681946e-02
1.517484337091445923e-02
1.449032500386238098e-02
1.381346955895423889e-02
1.233006268739700317e-02
1.027170848101377487e-02
8.884358219802379608e-03
8.431307971477508545e-03
7.315673399716615677e-03
4.055898636579513550e-03
-4.138655494898557663e-04
-3.470320254564285278e-03
-3.863418474793434143e-03
-3.201443701982498169e-03
-4.035870078951120377e-03
-7.077801041305065155e-03
-1.080034207552671432e-02
-1.333112083375453949e-02
-1.403645146638154984e-02
-1.342555601149797440e-02
-1.236559450626373291e-02
-1.172372326254844666e-02
-1.213589403778314590e-02
-1.342306751757860184e-02
-1.435725763440132141e-02
-1.361263263970613480e-02
-1.115181110799312592e-02
-8.357523009181022644e-03
-6.612750701606273651e-03
-5.988129880279302597e-03
-5.499687977135181427e-03
-4.360536579042673111e-03
-2.590181306004524231e-03
-5.220532184466719627e-04
1.738080405630171299e-03
4.101813305169343948e-03
6.102889776229858398e-03
7.204519584774971008e-03
7.540171034634113312e-03
7.988296449184417725e-03
9.273663163185119629e-03
1.113116927444934845e-02
1.257792022079229355e-02
1.296403817832469940e-02
1.253739744424819946e-02
1.196343358606100082e-02
1.157177984714508057e-02
1.127419807016849518e-02
1.101128291338682175e-02
1.087897643446922302e-02
1.074734702706336975e-02
1.012144144624471664e-02
8.693093433976173401e-03
6.892781704664230347e-03
5.557533819228410721e-03
5.019711330533027649e-03
4.789323545992374420e-03
4.217819310724735260e-03
3.204562701284885406e-03
2.066991059109568596e-03
9.783520363271236420e-04
-9.478762513026595116e-05
-9.806505404412746429e-04
-1.283163670450448990e-03
-9.699058718979358673e-04
-6.662947125732898712e-04
-1.016541384160518646e-03
-1.847621984779834747e-03
-2.306838985532522202e-03
-1.877855509519577026e-03
-9.617703035473823547e-04
-2.890005707740783691e-04
-1.138169318437576294e-05
3.084260970354080200e-04
9.233595337718725204e-04
1.552287722006440163e-03
1.948964782059192657e-03
2.434857655316591263e-03
3.448906354606151581e-03
4.707642830908298492e-03
5.343962460756301880e-03
5.066853016614913940e-03
4.753546789288520813e-03
5.455443635582923889e-03
6.999512668699026108e-03
8.089323528110980988e-03
7.858806289732456207e-03
6.857992149889469147e-03
6.243967451155185699e-03
6.377770099788904190e-03
6.661431398242712021e-03
6.553181447088718414e-03
6.159323267638683319e-03
5.731342360377311707e-03
5.128976423293352127e-03
4.176006652414798737e-03
3.235822543501853943e-03
2.900813240557909012e-03
3.109072335064411163e-03
3.026331076398491859e-03
2.020380925387144089e-03
4.678182303905487061e-04
-7.103520911186933517e-04
-1.211148104630410671e-03
-1.759639359079301357e-03
-3.313336055725812912e-03
-6.023988593369722366e-03
-9.030457586050033569e-03
-1.115607470273971558e-02
-1.183034293353557587e-02
-1.158054731786251068e-02
-1.175574213266372681e-02
-1.350418478250503540e-02
-1.663636602461338043e-02
-1.948573440313339233e-02
-2.026027441024780273e-02
-1.878318004310131073e-02
-1.676599308848381042e-02
-1.615928485989570618e-02
-1.729474216699600220e-02
-1.878375932574272156e-02
-1.908051222562789917e-02
-1.783665642142295837e-02
-1.578169129788875580e-02
-1.374991983175277710e-02
-1.212220638990402222e-02
-1.093769818544387817e-02
-1.005789451301097870e-02
-9.113619104027748108e-03
-7.590617053210735321e-03
-5.228208843618631363e-03
-2.339745173230767250e-03
3.438431303948163986e-04
2.202707808464765549e-03
3.197845071554183960e-03
3.920487128198146820e-03
5.131733138114213943e-03
7.102470379322767258e-03
9.365886449813842773e-03
1.118306815624237061e-02
1.220824755728244781e-02
1.259632967412471771e-02
1.260431669652462006e-02
1.240957714617252350e-02
1.229626685380935669e-02
1.254787854850292206e-02
1.291295699775218964e-02
1.259741000831127167e-02
1.122480351477861404e-02
9.498573839664459229e-03
8.338510058820247650e-03
7.577172946184873581e-03
6.308462470769882202e-03
4.522901494055986404e-03
3.305913414806127548e-03
2.849640324711799622e-03
1.362043665722012520e-03
-2.672838745638728142e-03
-7.556007243692874908e-03
-9.444007650017738342e-03
-7.001852616667747498e-03
-3.692782949656248093e-03
-4.197249189019203186e-03
-9.124968200922012329e-03
-1.451074704527854919e-02
-1.633327081799507141e-02
-1.423620991408824921e-02
-1.068438217043876648e-02
-8.011585101485252380e-03
-7.241615559905767441e-03
-8.559077978134155273e-03
-1.113395951688289642e-02
-1.262040156871080399e-02
-1.058860495686531067e-02
-5.323728546500205994e-03
-2.744259545579552650e-04
1.264762831851840019e-03
-4.511871375143527985e-04
-2.241238951683044434e-03
-1.596129499375820160e-03
1.264628255739808083e-03
4.670949187129735947e-03
7.493946235626935959e-03
9.323007427155971527e-03
9.748454205691814423e-03
8.714739233255386353e-03
7.402475923299789429e-03
7.637867704033851624e-03
9.961934760212898254e-03
1.280847936868667603e-02
1.402502134442329407e-02
1.295058708637952805e-02
1.072451751679182053e-02
8.895257487893104553e-03
8.196681737899780273e-03
8.497241884469985962e-03
9.258970618247985840e-03
9.728400968015193939e-03
9.082602337002754211e-03
6.980623118579387665e-03
4.130868241190910339e-03
2.016381826251745224e-03
1.698751933872699738e-03
2.774853259325027466e-03
3.640925046056509018e-03
2.947832923382520676e-03
8.156737312674522400e-04
-1.431180164217948914e-03
-2.617366611957550049e-03
-2.603377215564250946e-03
-1.928467070683836937e-03
-1.071678008884191513e-03
-3.922702744603157043e-04
-4.111425951123237610e-04
-1.437276601791381836e-03
-2.805654890835285187e-03
-3.111422993242740631e-03
-1.663135597482323647e-03
5.801178049296140671e-04
1.963995862752199173e-03
1.890119281597435474e-03
1.210342161357402802e-03
1.010745181702077389e-03
1.567461062222719193e-03
2.588654402643442154e-03
3.851865883916616440e-03
5.133908707648515701e-03
5.881873425096273422e-03
5.606757476925849915e-03
4.647755529731512070e-03
4.068704321980476379e-03
4.567733500152826309e-03
5.726219620555639267e-03
6.515089422464370728e-03
6.359732709825038910e-03
5.516867153346538544e-03
4.564806818962097168e-03
3.824340179562568665e-03
3.309170249849557877e-03
2.981741447001695633e-03
2.824747934937477112e-03
2.678235527127981186e-03
2.210385631769895554e-03
1.230512745678424835e-03
1.806719228625297546e-05
-8.486360311508178711e-04
-1.117806881666183472e-03
-1.195615157485008240e-03
-1.657725311815738678e-03
-2.504901960492134094e-03
-3.196623176336288452e-03
-3.469082526862621307e-03
-3.758839331567287445e-03
-4.553876817226409912e-03
-5.613096058368682861e-03
-6.298569962382316589e-03
-6.620900705456733704e-03
-7.400968112051486969e-03
-9.130196645855903625e-03
-1.106923632323741913e-02
-1.195294782519340515e-02
-1.149398926645517349e-02
-1.075707469135522842e-02
-1.095886155962944031e-02
-1.221729349344968796e-02
-1.362309977412223816e-02
-1.424716506153345108e-02
-1.383103057742118835e-02
-1.272433158010244370e-02
-1.154409907758235931e-02
-1.087204739451408386e-02
-1.088609453290700912e-02
-1.109412498772144318e-02
-1.065757032483816147e-02
-9.206656366586685181e-03
-7.243314757943153381e-03
-5.587735213339328766e-03
-4.544387571513652802e-03
-3.787750378251075745e-03
-2.923180116340517998e-03
-1.851544249802827835e-03
-5.988262128084897995e-04
8.687379304319620132e-04
2.497371984645724297e-03
4.020008258521556854e-03
5.153003148734569550e-03
5.831621587276458740e-03
6.204378791153430939e-03
6.563586648553609848e-03
7.296319585293531418e-03
8.568601682782173157e-03
9.883811697363853455e-03
1.032568141818046570e-02
9.593583643436431885e-03
8.500441908836364746e-03
8.005145937204360962e-03
8.042558096349239349e-03
7.901761680841445923e-03
7.458677515387535095e-03
7.097173482179641724e-03
6.488723680377006531e-03
4.762478172779083252e-03
2.361347898840904236e-03
1.253203954547643661e-03
2.001836895942687988e-03
1.847908832132816315e-03
-2.061190782114863396e-03
-7.780945859849452972e-03
-9.629563428461551666e-03
-5.402848124504089355e-03
-3.768801689147949219e-04
-1.662321388721466064e-03
-9.362323209643363953e-03
-1.598017476499080658e-02
-1.504692994058132172e-02
-8.168036118149757385e-03
-2.384072169661521912e-03
-2.248935401439666748e-03
-6.246369332075119019e-03
-9.956762194633483887e-03
-1.045328564941883087e-02
-7.498050108551979065e-03
-2.631814219057559967e-03
1.608435064554214478e-03
2.807667478919029236e-03
7.406547665596008301e-04
-1.762600615620613098e-03
-1.253640046343207359e-03
2.701066900044679642e-03
7.084916811436414719e-03
8.903202600777149200e-03
8.290659636259078979e-03
7.599300704896450043e-03
8.156749419867992401e-03
9.101134724915027618e-03
9.353043511509895325e-03
9.415987879037857056e-03
1.038433983922004700e-02
1.189196761697530746e-02
1.227093767374753952e-02
1.080686226487159729e-02
8.817542344331741333e-03
7.997711189091205597e-03
8.409215137362480164e-03
8.812291547656059265e-03
8.482513017952442169e-03
7.732814177870750427e-03
6.764696910977363586e-03
5.141675006598234177e-03
2.889095107093453407e-03
1.239768811501562595e-03
1.346527598798274994e-03
2.541826339438557625e-03
2.792795654386281967e-03
1.030646730214357376e-03
-1.629670150578022003e-03
-3.259674645960330963e-03
-3.178794868290424347e-03
-2.263402566313743591e-03
-1.632245257496833801e-03
-1.642838120460510254e-03
-2.097219228744506836e-03
-2.782784402370452881e-03
-3.463611938059329987e-03
-3.655334934592247009e-03
-2.896212041378021240e-03
-1.351106911897659302e-03
1.020198687911033630e-04
6.206356920301914215e-04
2.294227015227079391e-04
-2.262024208903312683e-04
2.686493098735809326e-05
9.916899725794792175e-04
2.150672953575849533e-03
3.155951155349612236e-03
3.960086964070796967e-03
4.384762607514858246e-03
4.091435112059116364e-03
3.241701982915401459e-03
2.777466550469398499e-03
3.505596891045570374e-03
4.974420182406902313e-03
5.768910981714725494e-03
5.066107027232646942e-03
3.511145710945129395e-03
2.345609478652477264e-03
2.040533348917961121e-03
2.136088907718658447e-03
2.112146466970443726e-03
1.847455278038978577e-03
1.273283734917640686e-03
2.080658450722694397e-04
-1.180011313408613205e-03
-2.200922928750514984e-03
-2.391933230683207512e-03
-2.219025511294603348e-03
-2.550861332565546036e-03
-3.507148008793592453e-03
-4.346809349954128265e-03
-4.589440766721963882e-03
-4.686038941144943237e-03
-5.215479061007499695e-03
-5.873050075024366379e-03
-5.890311673283576965e-03
-5.296700634062290192e-03
-5.034823901951313019e-03
-5.658491514623165131e-03
-6.585692986845970154e-03
-7.068234495818614960e-03
-7.328748237341642380e-03
-8.006310090422630310e-03
-8.793851360678672791e-03
-8.627110160887241364e-03
-7.419561967253684998e-03
-6.660696119070053101e-03
-7.593583315610885620e-03
-9.362649172544479370e-03
-9.884596802294254303e-03
-8.427417837083339691e-03
-6.436656229197978973e-03
-5.612358450889587402e-03
-5.972175393253564835e-03
-6.318348459899425507e-03
-5.995020270347595215e-03
-5.371462553739547729e-03
-4.805781878530979156e-03
-4.026503302156925201e-03
-2.812014892697334290e-03
-1.651036553084850311e-03
-1.200890168547630310e-03
-1.338637433946132660e-03
-1.237530261278152466e-03
-3.711422905325889587e-04
9.235683828592300415e-04
1.958557404577732086e-03
2.462035045027732849e-03
2.649414353072643280e-03
2.749715466052293777e-03
2.782556461170315742e-03
2.806758042424917221e-03
3.077335655689239502e-03
3.715483471751213074e-03
4.337551072239875793e-03
4.324251785874366760e-03
3.567755222320556641e-03
2.729380503296852112e-03
2.534147351980209351e-03
2.919191494584083557e-03
3.144089132547378540e-03
2.719810232520103455e-03
1.919532194733619690e-03
1.270458102226257324e-03
8.601732552051544189e-04
4.256200045347213745e-04
-6.959680467844009399e-05
-3.385674208402633667e-04
-2.629775553941726685e-04
-1.492705196142196655e-04
-3.506843931972980499e-04
-8.389032445847988129e-04
-1.293807756155729294e-03
-1.456373371183872223e-03
-1.242703991010785103e-03
-6.709503941237926483e-04
8.663116022944450378e-05
6.404025480151176453e-04
6.422111764550209045e-04
2.085007727146148682e-04
-5.886331200599670410e-05
3.923401236534118652e-04
1.520320773124694824e-03
2.717455849051475525e-03
3.365701064467430115e-03
3.369057551026344299e-03
3.192609176039695740e-03
3.406397998332977295e-03
4.164822399616241455e-03
5.107455886900424957e-03
5.751031450927257538e-03
5.931894294917583466e-03
5.847647786140441895e-03
5.760912317782640457e-03
5.777955520898103714e-03
5.874162539839744568e-03
5.972475744783878326e-03
5.952138453722000122e-03
5.715041887015104294e-03
5.331976339221000671e-03
5.027396604418754578e-03
4.916801117360591888e-03
4.830002784729003906e-03
4.512573592364788055e-03
3.958374261856079102e-03
3.405580297112464905e-03
3.000777214765548706e-03
2.605708315968513489e-03
2.002520486712455750e-03
1.199465245008468628e-03
4.408881068229675293e-04
-5.441252142190933228e-05
-2.906890586018562317e-04
-4.431819543242454529e-04
-6.831418722867965698e-04
-1.075574662536382675e-03
-1.578199677169322968e-03
-2.058133715763688087e-03
-2.324762521311640739e-03
-2.262998372316360474e-03
-2.012235345318913460e-03
-1.929600024595856667e-03
-2.226066775619983673e-03
-2.647666260600090027e-03
-2.690999768674373627e-03
-2.199949696660041809e-03
-1.577690243721008301e-03
-1.279057003557682037e-03
-1.264197751879692078e-03
-1.177356578409671783e-03
-9.293965995311737061e-04
-7.507326081395149231e-04
-6.610611453652381897e-04
-3.048917278647422791e-04
4.507983103394508362e-04
1.069254241883754730e-03
8.888379670679569244e-04
2.843420952558517456e-05
-6.113052368164062500e-04
-3.078361041843891144e-04
7.613205816596746445e-04
1.792675233446061611e-03
2.109576016664505005e-03
1.588410697877407074e-03
6.351075135171413422e-04
-6.490200757980346680e-05
7.299706339836120605e-06
7.191740442067384720e-04
1.303781755268573761e-03
1.082142814993858337e-03
1.618685200810432434e-04
-7.342593744397163391e-04
-1.077845226973295212e-03
-9.704383555799722672e-04
-8.141384460031986237e-04
-8.456414798274636269e-04
-1.108261640183627605e-03
-1.621207338757812977e-03
-2.310209674760699272e-03
-2.863545203581452370e-03
-2.938051242381334305e-03
-2.586285583674907684e-03
-2.311955206096172333e-03
-2.566067036241292953e-03
-3.241074271500110626e-03
-3.785816952586174011e-03
-3.840306773781776428e-03
-3.652129322290420532e-03
-3.757174126803874969e-03
-4.280178807675838470e-03
-4.728161729872226715e-03
-4.601444583386182785e-03
-4.089958965778350830e-03
-3.917564637959003448e-03
-4.456384107470512390e-03
-5.233983509242534637e-03
-5.490993615239858627e-03
-5.075654946267604828e-03
-4.550524521619081497e-03
-4.467277787625789642e-03
-4.786753095686435699e-03
-5.054991692304611206e-03
-4.918767604976892471e-03
-4.350167233496904373e-03
-3.564374521374702454e-03
-2.921093255281448364e-03
-2.783823758363723755e-03
-3.195747733116149902e-03
-3.655057400465011597e-03
-3.444585949182510376e-03
-2.357022836804389954e-03
-1.017089001834392548e-03
-3.286190330982208252e-04
-5.785766988992691040e-04
-1.166451722383499146e-03
-1.238368451595306396e-03
-5.125012248754501343e-04
5.631092935800552368e-04
1.367644406855106354e-03
1.662336289882659912e-03
1.591767184436321259e-03
1.360338181257247925e-03
1.125203445553779602e-03
1.128349453210830688e-03
1.620378810912370682e-03
2.501826034858822823e-03
3.232972463592886925e-03
3.327224869281053543e-03
2.869462594389915466e-03
2.362562343478202820e-03
2.136488910764455795e-03
2.156879752874374390e-03
2.379076555371284485e-03
2.911268733441829681e-03
3.633855842053890228e-03
3.967345692217350006e-03
3.414825536310672760e-03
2.289839088916778564e-03
1.560306176543235779e-03
1.852760091423988342e-03
2.803068608045578003e-03
3.491586074233055115e-03
3.361978568136692047e-03
2.612126991152763367e-03
1.856178045272827148e-03
1.598902046680450439e-03
1.958714332431554794e-03
2.663219813257455826e-03
3.229226218536496162e-03
3.271680092439055443e-03
2.782645402476191521e-03
2.157572424039244652e-03
1.917284913361072540e-03
2.315437421202659607e-03
3.117779269814491272e-03
3.762510605156421661e-03
3.840653225779533386e-03
3.469303250312805176e-03
3.116861917078495026e-03
3.040780313313007355e-03
3.048222512006759644e-03
2.896590158343315125e-03
2.719045616686344147e-03
2.796163782477378845e-03
3.018789924681186676e-03
2.938136924058198929e-03
2.412841189652681351e-03
1.871628221124410629e-03
1.737975049763917923e-03
1.851727254688739777e-03
1.740690087899565697e-03
1.298530725762248039e-03
8.535282686352729797e-04
6.130556575953960419e-04
3.975890576839447021e-04
1.989305019378662109e-05
-3.671199083328247070e-04
-5.014650523662567139e-04
-4.261387512087821960e-04
-4.675202071666717529e-04
-8.559525012969970703e-04
-1.496995799243450165e-03
-2.073226496577262878e-03
-2.286009490489959717e-03
-2.077830024063587189e-03
-1.730201765894889832e-03
-1.675032079219818115e-03
-2.081109210848808289e-03
-2.659391611814498901e-03
-2.966164611279964447e-03
-2.832738682627677917e-03
-2.405534032732248306e-03
-1.898605143651366234e-03
-1.503493171185255051e-03
-1.426634844392538071e-03
-1.697953790426254272e-03
-1.931514707393944263e-03
-1.620437484234571457e-03
-8.138509001582860947e-04
-2.005540300160646439e-04
-2.859765663743019104e-04
-7.337694987654685974e-04
-8.420350495725870132e-04
-4.908000119030475616e-04
-1.966292038559913635e-04
-2.680062316358089447e-04
-3.822497092187404633e-04
-1.711263321340084076e-04
1.677945256233215332e-04
1.719091087579727173e-04
-1.976282801479101181e-04
-5.278493044897913933e-04
-5.353135056793689728e-04
-3.468459472060203552e-04
-1.967661082744598389e-04
-1.574829220771789551e-04
-2.611582167446613312e-04
-5.975211970508098602e-04
-1.081633847206830978e-03
-1.319027040153741837e-03
-9.933467954397201538e-04
-3.611999563872814178e-04
-1.056771725416183472e-04
-5.944436416029930115e-04
-1.419634558260440826e-03
-1.799137797206640244e-03
-1.388703938573598862e-03
-6.014443933963775635e-04
-1.362934708595275879e-04
-2.815369516611099243e-04
-7.192026823759078979e-04
-9.441869333386421204e-04
-7.750387303531169891e-04
-4.361993633210659027e-04
-2.332483418285846710e-04
-2.526938915252685547e-04
-3.758209059014916420e-04
-4.829880781471729279e-04
-5.715554580092430115e-04
-7.024467922747135162e-04
-8.919248357415199280e-04
-1.071992330253124237e-03
-1.154134050011634827e-03
-1.146115362644195557e-03
-1.194346696138381958e-03
-1.452796161174774170e-03
-1.889286562800407410e-03
-2.285942435264587402e-03
-2.473391592502593994e-03
-2.497950568795204163e-03
-2.502271905541419983e-03
-2.535324543714523315e-03
-2.592915669083595276e-03
-2.751147374510765076e-03
-3.054040484130382538e-03
-3.285435494035482407e-03
-3.109359182417392731e-03
-2.545583061873912811e-03
-2.079740166664123535e-03
-2.094808965921401978e-03
-2.344250911846756935e-03
-2.250300720334053040e-03
-1.654569059610366821e-03
-9.805655572563409805e-04
-6.332724587991833687e-04
-5.398794310167431831e-04
-4.052740987390279770e-04
-1.444453373551368713e-04
1.620538532733917236e-04
5.359742790460586548e-04
1.027232967317104340e-03
1.474601216614246368e-03
1.659192144870758057e-03
1.688790507614612579e-03
1.910492777824401855e-03
2.363862469792366028e-03
2.637473866343498230e-03
2.461954951286315918e-03
2.183461561799049377e-03
2.342871390283107758e-03
2.913796808570623398e-03
3.294898197054862976e-03
3.066845238208770752e-03
2.467426471412181854e-03
2.030367497354745865e-03
1.994575606659054756e-03
2.210841514170169830e-03
2.432528883218765259e-03
2.489558886736631393e-03
2.287794835865497589e-03
1.873823348432779312e-03
1.501571387052536011e-03
1.453149598091840744e-03
1.739861909300088882e-03
2.086423337459564209e-03
2.238623797893524170e-03
2.186411060392856598e-03
2.064130268990993500e-03
1.963725313544273376e-03
1.924783457070589066e-03
2.003679517656564713e-03
2.223965711891651154e-03
2.482419833540916443e-03
2.601902466267347336e-03
2.491776365786790848e-03
2.216698369011282921e-03
1.933603547513484955e-03
1.817504526115953922e-03
2.002674387767910957e-03
2.463960088789463043e-03
2.911313669756054878e-03
2.919211285188794136e-03
2.306360285729169846e-03
1.403173431754112244e-03
8.379393257200717926e-04
9.617446921765804291e-04
1.480251550674438477e-03
1.706457696855068207e-03
1.206583809107542038e-03
1.862300559878349304e-04
-7.502418011426925659e-04
-1.158650964498519897e-03
-1.048757694661617279e-03
-7.320903241634368896e-04
-5.397857166826725006e-04
-6.902436725795269012e-04
-1.228525768965482712e-03
-1.928041223436594009e-03
-2.343791536986827850e-03
-2.184669952839612961e-03
-1.682737376540899277e-03
-1.438225619494915009e-03
-1.798071898519992828e-03
-2.474247477948665619e-03
-2.869334304705262184e-03
-2.710699336603283882e-03
-2.259369473904371262e-03
-1.947531942278146744e-03
-1.950362930074334145e-03
-2.120321383699774742e-03
-2.201651223003864288e-03
-2.030869945883750916e-03
-1.611515879631042480e-03
-1.104469876736402512e-03
-7.397662848234176636e-04
-6.520478054881095886e-04
-7.542703533545136452e-04
-7.956656627357006073e-04
-5.897087976336479187e-04
-2.075154334306716919e-04
7.199961692094802856e-05
4.254118539392948151e-05
-1.950357109308242798e-04
-3.294306807219982147e-04
-2.008276060223579407e-04
-6.961636245250701904e-06
-7.457658648490905762e-05
-4.640296101570129395e-04
-9.013237431645393372e-04
-1.092572696506977081e-03
-9.913374669849872589e-04
-7.461970672011375427e-04
-5.340389907360076904e-04
-5.090562626719474792e-04
-7.481370121240615845e-04
-1.089174300432205200e-03
-1.143544912338256836e-03
-6.930911913514137268e-04
-4.701456055045127869e-05
2.204370684921741486e-04
-7.469626143574714661e-05
-5.364916287362575531e-04
-7.191109471023082733e-04
-6.163544021546840668e-04
-4.707087064161896706e-04
-3.143982030451297760e-04
1.257192343473434448e-05
4.687248729169368744e-04
7.507530972361564636e-04
6.975487340241670609e-04
5.305707454681396484e-04
5.730176344513893127e-04
8.736588060855865479e-04
1.212518662214279175e-03
1.353684812784194946e-03
1.183390617370605469e-03
7.219426333904266357e-04
1.522200182080268860e-04
-2.340953797101974487e-04
-2.777874469757080078e-04
-1.317113637924194336e-04
-9.996909648180007935e-05
-3.264211118221282959e-04
-7.249852642416954041e-04
-1.138120889663696289e-03
-1.418559812009334564e-03
-1.425590366125106812e-03
-1.161758322268724442e-03
-9.241285733878612518e-04
-1.087259035557508469e-03
-1.639373367652297020e-03
-2.116102725267410278e-03
-2.114401664584875107e-03
-1.719017978757619858e-03
-1.303315628319978714e-03
-1.092901453375816345e-03
-1.107995864003896713e-03
-1.343640498816967010e-03
-1.699038781225681305e-03
-1.819544471800327301e-03
-1.384004950523376465e-03
-6.148815155029296875e-04
-1.714415848255157471e-04
-3.708405420184135437e-04
-7.757237181067466736e-04
-7.648002356290817261e-04
-2.910876646637916565e-04
2.002846449613571167e-04
4.422189667820930481e-04
5.764197558164596558e-04
7.495831232517957687e-04
8.502937853336334229e-04
7.745567709207534790e-04
6.809325423091650009e-04
7.836865261197090149e-04
1.046383753418922424e-03
1.259059179574251175e-03
1.310579478740692139e-03
1.214841380715370178e-03
9.611761197447776794e-04
5.531688220798969269e-04
1.822717022150754929e-04
1.507252454757690430e-04
5.300650373101234436e-04
1.006989739835262299e-03
1.164705492556095123e-03
8.869781158864498138e-04
4.476374015212059021e-04
2.403953112661838531e-04
4.508066922426223755e-04
9.514233097434043884e-04
1.458131242543458939e-03
1.763163600116968155e-03
1.827790867537260056e-03
1.717133680358529091e-03
1.553878770209848881e-03
1.547151827253401279e-03
1.901344861835241318e-03
2.543076407164335251e-03
3.030556254088878632e-03
2.949440851807594299e-03
2.406668849289417267e-03
1.933787483721971512e-03
1.856689341366291046e-03
1.972278580069541931e-03
1.941131893545389175e-03
1.750822179019451141e-03
1.568518579006195068e-03
1.331715844571590424e-03
8.356031030416488647e-04
1.937029883265495300e-04
-1.475475728511810303e-04
2.056593075394630432e-05
3.418936394155025482e-04
3.143223002552986145e-04
-1.462618820369243622e-04
-7.406356744468212128e-04
-1.213009469211101532e-03
-1.488189911469817162e-03
-1.481729093939065933e-03
-1.104695955291390419e-03
-5.411221645772457123e-04
-2.697487361729145050e-04
-6.094903219491243362e-04
-1.316011417657136917e-03
-1.768248854205012321e-03
-1.553781796246767044e-03
-8.289508987218141556e-04
-1.541275996714830399e-04
-2.423580735921859741e-05
-4.877371247857809067e-04
-1.124057453125715256e-03
-1.403473084792494774e-03
-1.136143226176500320e-03
-5.809133872389793396e-04
-1.194351352751255035e-04
9.321561083197593689e-05
1.058580819517374039e-04
-6.310362368822097778e-05
-4.312810488045215607e-04
-8.216835558414459229e-04
-8.495715446770191193e-04
-3.074773121625185013e-04
5.040499381721019745e-04
9.786826558411121368e-04
7.617520168423652649e-04
5.931500345468521118e-05
-5.676993168890476227e-04
-6.397427059710025787e-04
-6.367452442646026611e-05
7.931347936391830444e-04
1.268953783437609673e-03
8.538309484720230103e-04
-2.938127145171165466e-04
-1.310428138822317123e-03
-1.350263366475701332e-03
-4.609145689755678177e-04
4.015779122710227966e-04
3.708289004862308502e-04
-4.118648357689380646e-04
-1.043804455548524857e-03
-9.527890942990779877e-04
-4.803782794624567032e-04
-3.060288727283477783e-04
-5.589928478002548218e-04
-7.610700558871030807e-04
-5.378124769777059555e-04
-6.899004802107810974e-05
2.307635731995105743e-04
2.189110964536666870e-04
4.577590152621269226e-05
-1.460122875869274139e-04
-2.917991951107978821e-04
-2.465853467583656311e-04
1.410599797964096069e-04
6.877984851598739624e-04
8.336883038282394409e-04
1.907795667648315430e-04
-8.929744362831115723e-04
-1.532139256596565247e-03
-1.183899119496345520e-03
-2.612108364701271057e-04
2.394448965787887573e-04
-2.656858414411544800e-04
-1.370092853903770447e-03
-2.095721196383237839e-03
-1.832863781601190567e-03
-8.425433188676834106e-04
9.208545088768005371e-05
3.922493197023868561e-04
6.167357787489891052e-05
-4.892244469374418259e-04
-8.256627479568123817e-04
-7.307226769626140594e-04
-2.720355987548828125e-04
2.468531019985675812e-04
4.848409444093704224e-04
3.506944049149751663e-04
9.570876136422157288e-05
4.304060712456703186e-05
2.393876202404499054e-04
4.625301808118820190e-04
5.545737221837043762e-04
6.021242588758468628e-04
7.267622277140617371e-04
8.364808745682239532e-04
7.384009659290313721e-04
4.507866688072681427e-04
2.379291690886020660e-04
2.962765283882617950e-04
5.251714028418064117e-04
6.753494963049888611e-04
6.344011053442955017e-04
4.779384471476078033e-04
3.116750158369541168e-04
1.910580322146415710e-04
1.766232308000326157e-04
3.185061505064368248e-04
5.252175033092498779e-04
5.622347816824913025e-04
2.988539636135101318e-04
-8.693267591297626495e-05
-2.684732899069786072e-04
-1.391367986798286438e-04
8.552428334951400757e-05
1.663137227296829224e-04
1.279111020267009735e-04
1.534908078610897064e-04
2.690171822905540466e-04
2.880478277802467346e-04
9.697442874312400818e-05
-1.300079748034477234e-04
-9.674718603491783142e-05
2.739117480814456940e-04
7.373727858066558838e-04
9.555420838296413422e-04
7.887610699981451035e-04
3.940267488360404968e-04
9.598990436643362045e-05
1.394232967868447304e-04
4.841237096115946770e-04
8.223555050790309906e-04
8.583655580878257751e-04
5.955453962087631226e-04
3.016106784343719482e-04
1.848342362791299820e-04
1.863515935838222504e-04
1.280996948480606079e-04
-3.341306000947952271e-05
-1.979307271540164948e-04
-3.026523627340793610e-04
-3.908388316631317139e-04
-5.209152586758136749e-04
-7.281168363988399506e-04
-1.066454220563173294e-03
-1.534780021756887436e-03
-1.923766802065074444e-03
-1.919024623930454254e-03
-1.494761207140982151e-03
-1.078550820238888264e-03
-1.129122916609048843e-03
-1.590718980878591537e-03
-1.953857019543647766e-03
-1.856908900663256645e-03
-1.432801480405032635e-03
-1.021385309286415577e-03
-7.653545471839606762e-04
-6.276193307712674141e-04
-6.069366354495286942e-04
-6.929966621100902557e-04
-7.064382662065327168e-04
-4.609507159329950809e-04
-8.577026892453432083e-05
8.126720058498904109e-05
-7.169826858444139361e-06
1.344929478364065289e-05
3.749151073861867189e-04
7.549543515779078007e-04
6.915113190189003944e-04
2.858967054635286331e-04
1.343115000054240227e-04
5.376585759222507477e-04
1.114897662773728371e-03
1.334816915914416313e-03
1.145578920841217041e-03
8.634998812340199947e-04
6.831359933130443096e-04
6.152710411697626114e-04
7.536888588219881058e-04
1.182060805149376392e-03
1.593512250110507011e-03
1.428223098628222942e-03
6.065482739359140396e-04
-1.787925721146166325e-04
-2.127461484633386135e-04
3.627858241088688374e-04
7.345858030021190643e-04
4.034860758110880852e-04
-3.409947676118463278e-04
-9.260078659281134605e-04
-1.120636821724474430e-03
-1.029053004458546638e-03
-7.747157942503690720e-04
-4.577342187985777855e-04
-2.595941768959164619e-04
-3.034619439858943224e-04
-4.455937305465340614e-04
-4.215829540044069290e-04
-1.920247159432619810e-04
4.156976137892343104e-05
1.583207049407064915e-04
2.510120393708348274e-04
3.940874594263732433e-04
4.749650834128260612e-04
3.658864297904074192e-04
1.306181948166340590e-04
-5.790124487248249352e-05
-1.207173118018545210e-04
-9.731069440022110939e-05
-4.248109325999394059e-05
8.169830834958702326e-06
3.083831325056962669e-05
5.069147300673648715e-05
1.243798469658941031e-04
2.258811728097498417e-04
2.525382442399859428e-04
2.302470529684796929e-04
3.693835460580885410e-04
7.476564496755599976e-04
1.058928552083671093e-03
9.297752403654158115e-04
4.492694861255586147e-04
1.085430267266929150e-04
1.717181876301765442e-04
3.793354844674468040e-04
3.831767826341092587e-04
2.005828282563015819e-04
3.644948446890339255e-05
-1.088004792109131813e-04
-3.537326410878449678e-04
-5.936403758823871613e-04
-5.845364648848772049e-04
-3.515726421028375626e-04
-1.945952390087768435e-04
-2.293754223501309752e-04
-2.230717800557613373e-04
-1.338680158369243145e-05
1.886861573439091444e-04
1.338326837867498398e-04
-4.007745155831798911e-05
-9.913394023897126317e-06
2.040592662524431944e-04
2.214852429460734129e-04
-1.615803921595215797e-04
-6.770191248506307602e-04
-9.278375073336064816e-04
-8.512438507750630379e-04
-7.191208424046635628e-04
-7.941911462694406509e-04
-1.106326002627611160e-03
-1.497247139923274517e-03
-1.771280309185385704e-03
-1.826467458158731461e-03
-1.714360900223255157e-03
-1.563743222504854202e-03
-1.424273359589278698e-03
-1.241078367456793785e-03
-1.007809187285602093e-03
-8.369257557205855846e-04
-7.875392329879105091e-04
-7.166687282733619213e-04
-4.435840819496661425e-04
-1.852777859312482178e-05
3.252638562116771936e-04
4.790205275639891624e-04
5.550094065256416798e-04
6.474649999290704727e-04
6.769179599359631538e-04
5.758219631388783455e-04
4.819488385692238808e-04
5.813601892441511154e-04
8.271139813587069511e-04
9.774090722203254700e-04
8.954366203397512436e-04
6.682960083708167076e-04
4.337000136729329824e-04
2.493327192496508360e-04
1.726071350276470184e-04
2.980389108415693045e-04
5.884432466700673103e-04
7.718517445027828217e-04
5.727884126827120781e-04
5.052906999480910599e-05
-3.990253899246454239e-04
-4.153389600105583668e-04
-1.250642526429146528e-05
4.446582170203328133e-04
5.649564554914832115e-04
2.582331362646073103e-04
-1.966693962458521128e-04
-4.115901829209178686e-04
-2.603467146400362253e-04
1.540753510198555887e-05
9.117829904425889254e-05
-1.072802260750904679e-04
-4.111531306989490986e-04
-6.555659929290413857e-04
-7.766213966533541679e-04
-7.175941718742251396e-04
-4.516851622611284256e-04
-1.372486003674566746e-04
-3.670408113976009190e-05
-1.673652150202542543e-04
-2.239480672869831324e-04
-1.650289777899160981e-05
1.933833409566432238e-04
4.796990106115117669e-05
-3.303282428532838821e-04
-4.458177136257290840e-04
-1.182749110739678144e-04
2.639823360368609428e-04
2.907305606640875340e-04
3.979465691372752190e-05
-1.437077298760414124e-04
-1.298440620303153992e-04
-1.047859677782980725e-05
1.892967557068914175e-04
4.842341295443475246e-04
6.973476265557110310e-04
5.945675075054168701e-04
2.775554312393069267e-04
1.483064115745946765e-04
3.954876447096467018e-04
7.558090146631002426e-04
8.846235577948391438e-04
7.401726907119154930e-04
4.902388900518417358e-04
2.778726047836244106e-04
2.406905696261674166e-04
5.165324546396732330e-04
9.814039804041385651e-04
1.177669502794742584e-03
8.178612915799021721e-04
2.467543235979974270e-04
6.828528421465307474e-05
3.677204949781298637e-04
6.631467258557677269e-04
6.310112075880169868e-04
4.668388282880187035e-04
4.032996366731822491e-04
2.954248338937759399e-04
-2.286161725351121277e-05
-2.949081244878470898e-04
-1.571353641338646412e-04
2.640294842422008514e-04
4.704459570348262787e-04
2.549820346757769585e-04
-1.122094836318865418e-04
-3.466094785835593939e-04
-4.305133479647338390e-04
-3.858623676933348179e-04
-1.586892904015257955e-04
1.113635953515768051e-04
6.313044286798685789e-05
-3.862732264678925276e-04
-7.882474455982446671e-04
-7.120340596884489059e-04
-3.348551690578460693e-04
-1.428389223292469978e-04
-2.099619305226951838e-04
-1.924365351442247629e-04
2.207700890721753240e-05
1.309640792896971107e-04
-2.511133061489090323e-05
-1.610408653505146503e-04
-3.345510776853188872e-05
1.300925941905006766e-04
1.083516872313339263e-05
-2.517547982279211283e-04
-2.796924090944230556e-04
-8.431603055214509368e-05
-5.235224307398311794e-05
-3.120721667073667049e-04
-5.183522589504718781e-04
-3.901331801898777485e-04
-1.288840430788695812e-04
-9.788689203560352325e-05
-3.227475972380489111e-04
-5.432073958218097687e-04
-5.990357603877782822e-04
-5.247129593044519424e-04
-3.694971092045307159e-04
-1.773646072251722217e-04
-1.008558465400710702e-04
-2.802376111503690481e-04
-5.804609972983598709e-04
-6.659692153334617615e-04
-4.113165778107941151e-04
-6.627741095144301653e-05
7.287826156243681908e-05
5.040611540607642382e-06
-6.716451753163710237e-05
-3.531706897774711251e-05
4.984590486856177449e-05
1.265771570615470409e-04
1.885604870039969683e-04
2.399892982793971896e-04
3.021970624104142189e-04
4.309702781029045582e-04
6.106398068368434906e-04
6.681686500087380409e-04
4.448248364496976137e-04
6.366455636452883482e-05
-1.270418870262801647e-04
5.907929880777373910e-05
4.277820407878607512e-04
6.420687423087656498e-04
5.790874129161238670e-04
3.658466448541730642e-04
1.592763146618381143e-04
2.997601950482930988e-05
2.455145295243710279e-05
1.846142986323684454e-04
4.509616410359740257e-04
6.383451982401311398e-04
5.788656999357044697e-04
2.782308147288858891e-04
-8.296961459564045072e-05
-2.792963059619069099e-04
-1.867303799372166395e-04
1.277732371818274260e-04
4.291774239391088486e-04
4.815328866243362427e-04
2.528033219277858734e-04
-5.327881081029772758e-05
-1.979095395654439926e-04
-1.307791389990597963e-04
1.198352038045413792e-06
4.010640986962243915e-05
-2.812787897710222751e-05
-1.019339979393407702e-04
-1.113786711357533932e-04
-1.109972290578298271e-04
-2.147449995391070843e-04
-4.388996167108416557e-04
-6.403946899808943272e-04
-6.592717836610972881e-04
-5.218093283474445343e-04
-4.396983713377267122e-04
-5.763842491433024406e-04
-8.723451173864305019e-04
-1.150662312284111977e-03
-1.325009390711784363e-03
-1.402051188051700592e-03
-1.330048893578350544e-03
-1.023000339046120644e-03
-5.924192955717444420e-04
-3.872120869345963001e-04
-6.285216659307479858e-04
-1.058538677170872688e-03
-1.141174579970538616e-03
-6.610048003494739532e-04
1.163163506134878844e-05
3.347228630445897579e-04
1.719185383990406990e-04
-1.525041734566912055e-04
-2.944678417406976223e-04
-2.166033664252609015e-04
-7.124906551325693727e-05
6.010068318573758006e-05
1.928285346366465092e-04
3.039606672246009111e-04
3.264399711042642593e-04
2.740494091995060444e-04
2.529621124267578125e-04
3.197875339537858963e-04
4.188038001302629709e-04
4.964866675436496735e-04
5.879615200683474541e-04
7.266292814165353775e-04
8.466048166155815125e-04
8.679778547957539558e-04
8.317023748531937599e-04
8.486535516567528248e-04
9.383923606947064400e-04
1.019714167341589928e-03
1.045258250087499619e-03
1.028094440698623657e-03
9.382959688082337379e-04
7.265715394169092178e-04
4.961907397955656052e-04
4.798588925041258335e-04
7.242895662784576416e-04
9.389811311848461628e-04
8.323782240040600300e-04
4.994051996618509293e-04
2.659510646481066942e-04
2.141784207196906209e-04
1.310954248765483499e-04
-5.994004459353163838e-05
-1.314073306275531650e-04
4.240971611579880118e-05
1.927281700773164630e-04
2.867946750484406948e-05
-2.845186681952327490e-04
-3.379219851922243834e-04
-8.152305963449180126e-05
1.273290836252272129e-04
8.144255843944847584e-05
-2.596553531475365162e-05
-2.043368294835090637e-05
-7.876643212512135506e-05
-4.066630499437451363e-04
-8.281180635094642639e-04
-9.974308777600526810e-04
-8.879605447873473167e-04
-7.721569854766130447e-04
-7.859174511395394802e-04
-8.153408998623490334e-04
-8.001748938113451004e-04
-8.318696636706590652e-04
-8.895565406419336796e-04
-7.864529034122824669e-04
-5.151877412572503090e-04
-3.721779794432222843e-04
-5.416226922534406185e-04
-7.886621169745922089e-04
-8.121464634314179420e-04
-7.054070592857897282e-04
-7.543950341641902924e-04
-9.134181891568005085e-04
-8.686542860232293606e-04
-6.109885871410369873e-04
-5.387404235079884529e-04
-8.553803199902176857e-04
-1.211722148582339287e-03
-1.187747577205300331e-03
-8.789506973698735237e-04
-7.058865157887339592e-04
-7.950155413709580898e-04
-8.795198518782854080e-04
-7.727465126663446426e-04
-6.172803696244955063e-04
-5.928750615566968918e-04
-6.326014408841729164e-04
-5.657275905832648277e-04
-3.756871738005429506e-04
-1.732450473355129361e-04
-1.999196138058323413e-05
8.992894436232745647e-05
1.411975972587242723e-04
1.113920588977634907e-04
4.256512329448014498e-05
1.115912164095789194e-05
4.855639417655766010e-05
1.459027407690882683e-04
2.873277990147471428e-04
4.130027373321354389e-04
4.146352875977754593e-04
2.689099055714905262e-04
1.343685726169496775e-04
2.000963431783020496e-04
4.460306954570114613e-04
6.577170570380985737e-04
6.823085714131593704e-04
5.690941470675170422e-04
4.478867631405591965e-04
3.856183611787855625e-04
4.053442098665982485e-04
5.312780849635601044e-04
7.252615178003907204e-04
8.503954741172492504e-04
7.989945006556808949e-04
6.319532403722405434e-04
5.150205688551068306e-04
5.302770296111702919e-04
6.122677586972713470e-04
6.584056536667048931e-04
6.408806657418608665e-04
6.062267348170280457e-04
6.083849584683775902e-04
6.461113225668668747e-04
6.447784253396093845e-04
5.258572637103497982e-04
3.298930241726338863e-04
2.245226933155208826e-04
3.127760137431323528e-04
4.597621737048029900e-04
4.179736133664846420e-04
1.447254908271133900e-04
-1.112887330236844718e-04
-1.036109897540882230e-04
1.099737564800307155e-04
2.465597062837332487e-04
1.352601102553308010e-04
-1.223722065333276987e-04
-3.192146541550755501e-04
-3.677841159515082836e-04
-3.210669965483248234e-04
-2.476414665579795837e-04
-1.675284293014556170e-04
-9.598890756024047732e-05
-7.657628884771838784e-05
-1.350132515653967857e-04
-2.283578942297026515e-04
-2.788204583339393139e-04
-2.604350156616419554e-04
-2.288552932441234589e-04
-2.575960243120789528e-04
-3.635927569121122360e-04
-5.063470453023910522e-04
-6.396818789653480053e-04
-7.436602609232068062e-04
-8.196369744837284088e-04
-8.751631248742341995e-04
-9.026271291077136993e-04
-8.628047071397304535e-04
-7.282688748091459274e-04
-5.731566343456506729e-04
-5.536855896934866905e-04
-7.068885024636983871e-04
-8.127808105200529099e-04
-6.070715608075261116e-04
-1.549199805594980717e-04
1.509760622866451740e-04
5.970502388663589954e-05
-2.135945978807285428e-04
-2.814706531353294849e-04
-9.012974624056369066e-05
6.944370397832244635e-05
-2.696229785215109587e-06
-2.081280254060402513e-04
-3.929799713660031557e-04
-5.484477733261883259e-04
-6.759266834706068039e-04
-6.827570032328367233e-04
-5.747975083068013191e-04
-5.634004482999444008e-04
-7.681478746235370636e-04
-9.582743514329195023e-04
-8.494585053995251656e-04
-5.695869913324713707e-04
-5.232941475696861744e-04
-7.899798220023512840e-04
-9.729758603498339653e-04
-7.562428945675492287e-04
-3.379990230314433575e-04
-1.263665471924468875e-04
-2.129614586010575294e-04
-3.800788545049726963e-04
-4.869505355600267649e-04
-5.762440268881618977e-04
-6.445160834118723869e-04
-5.760355270467698574e-04
-3.599546034820377827e-04
-1.789022353477776051e-04
-1.922254741657525301e-04
-3.488558868411928415e-04
-4.760884330607950687e-04
-4.538308712653815746e-04
-2.595651312731206417e-04
4.284130045562051237e-05
2.934177173301577568e-04
3.212172596249729395e-04
1.304488105233758688e-04
-6.427174230339005589e-05
-6.605185626540333033e-05
9.102759213419631124e-05
2.153578680008649826e-04
1.844126672949641943e-04
3.192070289514958858e-05
-1.335382985416799784e-04
-2.179591538151726127e-04
-1.860131742432713509e-04
-8.454916678601875901e-05
9.807990863919258118e-07
5.168507414055056870e-05
1.254609960597008467e-04
2.249465178465470672e-04
2.460739342495799065e-04
1.397090381942689419e-04
3.405088500585407019e-05
7.501100481022149324e-05
2.131068031303584576e-04
2.905923174694180489e-04
2.884060668293386698e-04
3.198526683263480663e-04
4.053092561662197113e-04
4.435226437635719776e-04
4.193918430246412754e-04
4.405138897709548473e-04
5.165630718693137169e-04
5.070391343906521797e-04
3.798121470026671886e-04
3.149017866235226393e-04
4.098243371117860079e-04
4.810956888832151890e-04
3.608037950471043587e-04
2.177873393520712852e-04
3.134331491310149431e-04
5.486205918714404106e-04
5.744784721173346043e-04
3.325136494822800159e-04
1.488934940425679088e-04
2.210394595749676228e-04
3.357284585945308208e-04
2.626944915391504765e-04
1.435615558875724673e-04
2.303902729181572795e-04
4.325671470724046230e-04
4.359943268354982138e-04
1.936851185746490955e-04
-3.606597601901739836e-06
4.506757977651432157e-05
2.120089629897847772e-04
2.886210859287530184e-04
2.509955957066267729e-04
1.817953889258205891e-04
1.100135559681802988e-04
5.316128226695582271e-05
7.819860911695286632e-05
1.830075343605130911e-04
2.220196183770895004e-04
9.073046385310590267e-05
-9.519032028038054705e-05
-1.508797286078333855e-04
-9.242956002708524466e-05
-9.477182175032794476e-05
-2.085178857669234276e-04
-2.976632677018642426e-04
-2.836701751220971346e-04
-2.772697480395436287e-04
-3.841623547486960888e-04
-5.186903290450572968e-04
-5.345416720956563950e-04
-4.510697908699512482e-04
-4.087239212822169065e-04
-4.426775267347693443e-04
-4.481359501369297504e-04
-3.747451701201498508e-04
-3.128563403151929379e-04
-3.330591134727001190e-04
-3.600530617404729128e-04
-3.014746471308171749e-04
-2.186813508160412312e-04
-2.437052025925368071e-04
-3.618341870605945587e-04
-4.155022616032510996e-04
-3.397968830540776253e-04
-2.571059740148484707e-04
-2.704327052924782038e-04
-2.845277776941657066e-04
-1.573137706145644188e-04
4.777511639986187220e-05
1.276560360565781593e-04
5.035561480326578021e-05
2.373435199842788279e-05
1.852474961197003722e-04
3.745054127648472786e-04
3.506120410747826099e-04
1.424938673153519630e-04
9.379051334690302610e-06
7.319070573430508375e-05
1.681725552771240473e-04
1.076189437299035490e-04
-5.334629531716927886e-05
-1.356344728264957666e-04
-1.171144976979121566e-04
-1.417034072801470757e-04
-2.700550248846411705e-04
-3.742665576282888651e-04
-3.358023823238909245e-04
-2.390346780885010958e-04
-2.643064653966575861e-04
-4.293094971217215061e-04
-5.462798289954662323e-04
-4.588075971696525812e-04
-2.390572335571050644e-04
-8.736291783861815929e-05
-7.951125735417008400e-05
-9.890078217722475529e-05
-2.416771894786506891e-05
1.020465133478865027e-04
1.474197197239845991e-04
7.795017154421657324e-05
-1.196580706164240837e-05
-4.438268661033362150e-05
-4.743521276395767927e-05
-8.065675501711666584e-05
-1.468705886509269476e-04
-2.216503780800849199e-04
-3.067735524382442236e-04
-3.914508561138063669e-04
-4.080521175637841225e-04
-3.078393347095698118e-04
-1.603040727786719799e-04
-9.135306754615157843e-05
-1.172406264231540263e-04
-1.199698162963613868e-04
-1.190035072795581073e-05
1.483619562350213528e-04
2.455887733958661556e-04
2.503084251657128334e-04
2.145374310202896595e-04
1.751870149746537209e-04
1.374580315314233303e-04
1.315436093136668205e-04
2.019617822952568531e-04
3.248644061386585236e-04
3.982427879236638546e-04
3.476784331724047661e-04
2.085125015582889318e-04
7.861039921408519149e-05
1.714236350380815566e-05
1.370386416965629905e-05
3.155393642373383045e-05
4.675999662140384316e-05
5.127277836436405778e-05
4.518013156484812498e-05
3.253637987654656172e-05
1.564271224197000265e-05
-4.557477950584143400e-06
-1.559581869514659047e-05
8.528517355443909764e-06
7.673769141547381878e-05
1.459852937841787934e-04
1.366370997857302427e-04
4.374243872007355094e-06
-1.972959726117551327e-04
-3.391481004655361176e-04
-3.219930222257971764e-04
-1.706640759948641062e-04
